0.0,0.0
0.0001,0.0
0.0002,0.0
0.00030000000000000003,0.0
0.0004,0.0048
0.0005,0.0129
0.0006000000000000001,0.0226
0.0007,0.0314
0.0008,0.0411
0.0009000000000000001,0.0524
0.001,0.0637
0.0011,0.0758
0.0012000000000000001,0.087
0.0013000000000000002,0.0999
0.0014,0.1136
0.0015,0.1273
0.0016,0.1418
0.0017000000000000001,0.1571
0.0018000000000000002,0.1716
0.0019,0.1878
0.002,0.2031
0.0021000000000000003,0.22
0.0022,0.2369
0.0023,0.2555
0.0024000000000000002,0.2732
0.0025,0.2917
0.0026000000000000003,0.3111
0.0027,0.3288
0.0028,0.3489
0.0029000000000000002,0.3691
0.003,0.3892
0.0031000000000000003,0.4102
0.0032,0.4311
0.0033,0.4521
0.0034000000000000002,0.4747
0.0035,0.4964
0.0036000000000000003,0.519
0.0037,0.5415
0.0038,0.5649
0.0039000000000000003,0.5875
0.004,0.6108
0.0041,0.6358
0.004200000000000001,0.6592
0.0043,0.6834
0.0044,0.7084
0.0045000000000000005,0.7333
0.0046,0.7583
0.0047,0.7833
0.0048000000000000004,0.8091
0.0049,0.8349
0.005,0.8599
0.0051,0.8864
0.005200000000000001,0.9122
0.0053,0.9388
0.0054,0.9646
0.0055000000000000005,0.9912
0.0056,1.0178
0.0057,1.0444
0.0058000000000000005,1.071
0.0059,1.0976
0.006,1.1242
0.0061,1.1516
0.006200000000000001,1.1782
0.0063,1.2056
0.0064,1.2322
0.006500000000000001,1.2588
0.0066,1.2862
0.0067,1.3127
0.0068000000000000005,1.3401
0.006900000000000001,1.3667
0.007,1.3941
0.0071,1.4207
0.007200000000000001,1.4465
0.0073,1.4739
0.0074,1.5005
0.007500000000000001,1.5271
0.0076,1.5529
0.0077,1.5787
0.0078000000000000005,1.6045
0.0079,1.6303
0.008,1.6552
0.0081,1.681
0.0082,1.7052
0.0083,1.7294
0.008400000000000001,1.7544
0.0085,1.7777
0.0086,1.8011
0.008700000000000001,1.8237
0.0088,1.847
0.0089,1.8696
0.009000000000000001,1.8914
0.0091,1.9131
0.0092,1.9349
0.009300000000000001,1.955
0.0094,1.976
0.0095,1.9961
0.009600000000000001,2.0155
0.0097,2.0348
0.0098,2.0541
0.0099,2.0727
0.01,2.0904
0.010100000000000001,2.1073
0.0102,2.1259
0.0103,2.142
0.010400000000000001,2.1581
0.0105,2.1742
0.0106,2.1887
0.010700000000000001,2.2048
0.0108,2.2193
0.0109,2.233
0.011000000000000001,2.2467
0.0111,2.2596
0.0112,2.2725
0.011300000000000001,2.2846
0.0114,2.2959
0.0115,2.308
0.011600000000000001,2.3185
0.0117,2.3289
0.0118,2.3394
0.0119,2.3483
0.012,2.3571
0.012100000000000001,2.3668
0.0122,2.3741
0.0123,2.3821
0.012400000000000001,2.3894
0.0125,2.3958
0.0126,2.4015
0.012700000000000001,2.4087
0.0128,2.4136
0.0129,2.4176
0.013000000000000001,2.4224
0.0131,2.4264
0.0132,2.4297
0.013300000000000001,2.4337
0.0134,2.4361
0.0135,2.4385
0.013600000000000001,2.4401
0.0137,2.4418
0.013800000000000002,2.4434
0.013900000000000001,2.4434
0.014,2.4442
0.014100000000000001,2.4442
0.0142,2.4434
0.0143,2.4426
0.014400000000000001,2.4418
0.0145,2.4393
0.0146,2.4361
0.014700000000000001,2.4353
0.0148,2.4313
0.0149,2.4281
0.015000000000000001,2.4248
0.0151,2.4208
0.0152,2.416
0.015300000000000001,2.4111
0.0154,2.4055
0.0155,2.3999
0.015600000000000001,2.395
0.015700000000000002,2.3878
0.0158,2.3813
0.0159,2.3749
0.016,2.3668
0.0161,2.3596
0.0162,2.3507
0.016300000000000002,2.3434
0.0164,2.3346
0.0165,2.3257
0.0166,2.316
0.0167,2.3064
0.016800000000000002,2.2967
0.016900000000000002,2.287
0.017,2.2766
0.0171,2.2661
0.0172,2.2556
0.0173,2.2443
0.017400000000000002,2.233
0.0175,2.221
0.0176,2.2105
0.0177,2.1984
0.0178,2.1855
0.0179,2.1734
0.018000000000000002,2.1613
0.0181,2.1484
0.0182,2.1363
0.0183,2.1234
0.0184,2.1097
0.018500000000000003,2.0968
0.018600000000000002,2.0832
0.0187,2.0703
0.0188,2.0566
0.0189,2.0429
0.019,2.0284
0.019100000000000002,2.0155
0.019200000000000002,2.0018
0.0193,1.9873
0.0194,1.9736
0.0195,1.959
0.0196,1.9453
0.019700000000000002,1.9308
0.0198,1.9163
0.0199,1.9026
0.02,1.8889
0.0201,1.8736
0.020200000000000003,1.8591
0.020300000000000002,1.8454
0.0204,1.8309
0.0205,1.8164
0.0206,1.8019
0.0207,1.7882
0.020800000000000003,1.7737
0.020900000000000002,1.7592
0.021,1.7455
0.0211,1.731
0.0212,1.7173
0.0213,1.7028
0.021400000000000002,1.6891
0.021500000000000002,1.6754
0.0216,1.6617
0.0217,1.6488
0.0218,1.6343
0.0219,1.6214
0.022000000000000002,1.6085
0.0221,1.5956
0.0222,1.5835
0.0223,1.5714
0.0224,1.5585
0.022500000000000003,1.5456
0.022600000000000002,1.5344
0.0227,1.5223
0.0228,1.511
0.0229,1.4989
0.023,1.4884
0.023100000000000002,1.4771
0.023200000000000002,1.4675
0.0233,1.4562
0.0234,1.4465
0.0235,1.4368
0.0236,1.4272
0.023700000000000002,1.4175
0.0238,1.4078
0.0239,1.399
0.024,1.3909
0.0241,1.3821
0.024200000000000003,1.3748
0.024300000000000002,1.3659
0.0244,1.3587
0.0245,1.3514
0.0246,1.345
0.0247,1.3385
0.024800000000000003,1.3313
0.024900000000000002,1.3248
0.025,1.3192
0.0251,1.3127
0.0252,1.3071
0.0253,1.3039
0.025400000000000002,1.2982
0.025500000000000002,1.2942
0.0256,1.2902
0.0257,1.2853
0.0258,1.2821
0.025900000000000003,1.2789
0.026000000000000002,1.2757
0.0261,1.2733
0.0262,1.2708
0.0263,1.2676
0.0264,1.266
0.026500000000000003,1.2644
0.026600000000000002,1.2636
0.0267,1.2628
0.0268,1.2612
0.0269,1.2612
0.027,1.2604
0.027100000000000003,1.2612
0.027200000000000002,1.2612
0.0273,1.262
0.0274,1.262
0.0275,1.2628
0.027600000000000003,1.2644
0.027700000000000002,1.2652
0.027800000000000002,1.2676
0.0279,1.2692
0.028,1.2716
0.0281,1.2733
0.028200000000000003,1.2765
0.028300000000000002,1.2789
0.0284,1.2821
0.0285,1.2853
0.0286,1.2878
0.0287,1.2918
0.028800000000000003,1.2958
0.028900000000000002,1.299
0.029,1.3031
0.0291,1.3079
0.0292,1.3119
0.029300000000000003,1.3168
0.029400000000000003,1.3216
0.029500000000000002,1.3264
0.0296,1.3313
0.0297,1.3353
0.0298,1.3418
0.029900000000000003,1.3466
0.030000000000000002,1.3522
0.030100000000000002,1.3587
0.0302,1.3643
0.0303,1.37
0.0304,1.3756
0.030500000000000003,1.3812
0.030600000000000002,1.3877
0.0307,1.3941
0.0308,1.4006
0.0309,1.4062
0.031,1.4135
0.031100000000000003,1.4207
0.031200000000000002,1.4264
0.0313,1.4336
0.031400000000000004,1.4409
0.0315,1.4481
0.0316,1.4546
0.0317,1.4618
0.0318,1.4683
0.031900000000000005,1.4763
0.032,1.4828
0.032100000000000004,1.49
0.0322,1.4973
0.0323,1.5045
0.0324,1.5118
0.0325,1.519
0.032600000000000004,1.5255
0.0327,1.5336
0.0328,1.5408
0.0329,1.5481
0.033,1.5553
0.033100000000000004,1.5634
0.0332,1.5706
0.0333,1.5779
0.0334,1.5843
0.0335,1.5916
0.033600000000000005,1.5988
0.0337,1.6069
0.033800000000000004,1.6141
0.0339,1.6206
0.034,1.6278
0.0341,1.6343
0.0342,1.6415
0.034300000000000004,1.648
0.0344,1.6552
0.0345,1.6617
0.0346,1.6689
0.0347,1.6746
0.034800000000000005,1.681
0.0349,1.6875
0.035,1.6931
0.0351,1.6996
0.0352,1.7052
0.035300000000000005,1.7116
0.0354,1.7173
0.035500000000000004,1.7229
0.0356,1.7286
0.0357,1.7326
0.0358,1.7374
0.0359,1.7439
0.036000000000000004,1.7495
0.0361,1.7536
0.0362,1.7584
0.0363,1.7632
0.0364,1.7681
0.036500000000000005,1.7721
0.0366,1.7761
0.0367,1.781
0.0368,1.7842
0.0369,1.789
0.037000000000000005,1.7922
0.0371,1.7955
0.037200000000000004,1.7995
0.0373,1.8019
0.0374,1.8051
0.0375,1.8075
0.0376,1.8108
0.037700000000000004,1.8132
0.0378,1.8156
0.0379,1.818
0.038,1.8204
0.0381,1.8221
0.038200000000000005,1.8237
0.0383,1.8253
0.038400000000000004,1.8269
0.0385,1.8285
0.0386,1.8301
0.038700000000000005,1.8309
0.0388,1.8317
0.038900000000000004,1.8325
0.039,1.8333
0.0391,1.8341
0.0392,1.8349
0.0393,1.8349
0.039400000000000004,1.8349
0.0395,1.8358
0.0396,1.8349
0.0397,1.8349
0.0398,1.8341
0.039900000000000005,1.8349
0.04,1.8333
0.040100000000000004,1.8333
0.0402,1.8325
0.0403,1.8309
0.040400000000000005,1.8301
0.0405,1.8285
0.040600000000000004,1.8269
0.0407,1.8261
0.0408,1.8245
0.0409,1.8229
0.041,1.8212
0.041100000000000005,1.8196
0.0412,1.8172
0.0413,1.814
0.0414,1.8116
0.0415,1.81
0.041600000000000005,1.8075
0.0417,1.8051
0.041800000000000004,1.8027
0.0419,1.8003
0.042,1.7971
0.042100000000000005,1.7938
0.0422,1.7922
0.042300000000000004,1.789
0.0424,1.785
0.0425,1.7826
0.0426,1.7785
0.0427,1.7753
0.042800000000000005,1.7729
0.0429,1.7697
0.043000000000000003,1.7664
0.0431,1.7624
0.0432,1.7592
0.043300000000000005,1.756
0.0434,1.7519
0.043500000000000004,1.7487
0.0436,1.7447
0.0437,1.7407
0.0438,1.7374
0.0439,1.7326
0.044000000000000004,1.7294
0.0441,1.7262
0.0442,1.7213
0.0443,1.7181
0.0444,1.7141
0.044500000000000005,1.71
0.0446,1.706
0.044700000000000004,1.702
0.0448,1.6988
0.0449,1.6947
0.045000000000000005,1.6907
0.0451,1.6867
0.045200000000000004,1.6818
0.0453,1.6778
0.0454,1.6746
0.0455,1.6705
0.0456,1.6665
0.045700000000000005,1.6633
0.0458,1.6593
0.0459,1.656
0.046,1.6512
0.0461,1.648
0.046200000000000005,1.644
0.0463,1.6407
0.046400000000000004,1.6375
0.0465,1.6335
0.0466,1.6303
0.046700000000000005,1.627
0.0468,1.6222
0.046900000000000004,1.6206
0.047,1.6174
0.0471,1.6141
0.0472,1.6109
0.0473,1.6069
0.047400000000000005,1.6045
0.0475,1.6021
0.0476,1.5988
0.0477,1.5964
0.0478,1.594
0.047900000000000005,1.5908
0.048,1.5884
0.048100000000000004,1.5851
0.0482,1.5835
0.0483,1.5811
0.048400000000000006,1.5787
0.0485,1.5771
0.048600000000000004,1.5747
0.0487,1.573
0.0488,1.5706
0.0489,1.569
0.049,1.5666
0.049100000000000005,1.5658
0.0492,1.565
0.049300000000000004,1.5626
0.0494,1.561
0.0495,1.5601
0.049600000000000005,1.5593
0.0497,1.5577
0.049800000000000004,1.5569
0.0499,1.5561
0.05,1.5545
0.050100000000000006,1.5545
0.0502,1.5529
0.050300000000000004,1.5529
0.0504,1.5521
0.0505,1.5513
0.0506,1.5513
0.0507,1.5513
0.050800000000000005,1.5505
0.0509,1.5505
0.051000000000000004,1.5505
0.0511,1.5505
0.0512,1.5505
0.051300000000000005,1.5505
0.0514,1.5505
0.051500000000000004,1.5513
0.0516,1.5521
0.0517,1.5521
0.051800000000000006,1.5529
0.0519,1.5529
0.052000000000000005,1.5529
0.0521,1.5545
0.0522,1.5545
0.0523,1.5561
0.0524,1.5561
0.052500000000000005,1.5577
0.0526,1.5585
0.052700000000000004,1.5601
0.0528,1.561
0.0529,1.5618
0.053000000000000005,1.5634
0.0531,1.5642
0.053200000000000004,1.5658
0.0533,1.5666
0.0534,1.569
0.053500000000000006,1.5698
0.0536,1.5722
0.053700000000000005,1.573
0.0538,1.5747
0.0539,1.5755
0.054,1.5779
0.0541,1.5795
0.054200000000000005,1.5811
0.0543,1.5819
0.054400000000000004,1.5835
0.0545,1.5867
0.0546,1.5884
0.054700000000000006,1.59
0.0548,1.5916
0.054900000000000004,1.594
0.055,1.5948
0.0551,1.5972
0.055200000000000006,1.5996
0.0553,1.6012
0.055400000000000005,1.6029
0.0555,1.6053
0.055600000000000004,1.6069
0.0557,1.6085
0.0558,1.6117
0.055900000000000005,1.6133
0.056,1.6158
0.056100000000000004,1.6174
0.0562,1.619
0.0563,1.6214
0.056400000000000006,1.623
0.0565,1.6254
0.056600000000000004,1.627
0.0567,1.6295
0.0568,1.6311
0.056900000000000006,1.6335
0.057,1.6351
0.057100000000000005,1.6367
0.0572,1.6391
0.057300000000000004,1.6407
0.0574,1.6432
0.0575,1.6448
0.057600000000000005,1.6464
0.0577,1.648
0.057800000000000004,1.6504
0.0579,1.652
0.058,1.6536
0.058100000000000006,1.6552
0.0582,1.6577
0.058300000000000005,1.6585
0.0584,1.6601
0.0585,1.6609
0.058600000000000006,1.6633
0.0587,1.6657
0.058800000000000005,1.6673
0.0589,1.6681
0.059000000000000004,1.6697
0.0591,1.6714
0.0592,1.673
0.059300000000000005,1.6738
0.0594,1.6754
0.059500000000000004,1.677
0.0596,1.6778
0.0597,1.6786
0.059800000000000006,1.6802
0.0599,1.681
0.060000000000000005,1.6818
0.0601,1.6834
0.060200000000000004,1.6842
0.0603,1.6859
0.0604,1.6859
0.060500000000000005,1.6867
0.0606,1.6875
0.060700000000000004,1.6883
0.0608,1.6899
0.0609,1.6891
0.061000000000000006,1.6907
0.0611,1.6899
0.061200000000000004,1.6915
0.0613,1.6915
0.0614,1.6923
0.061500000000000006,1.6931
0.0616,1.6931
0.061700000000000005,1.6939
0.0618,1.6931
0.061900000000000004,1.6931
0.062,1.6931
0.0621,1.6939
0.062200000000000005,1.6939
0.0623,1.6931
0.062400000000000004,1.6939
0.0625,1.6939
0.0626,1.6931
0.0627,1.6931
0.06280000000000001,1.6939
0.0629,1.6931
0.063,1.6931
0.0631,1.6923
0.0632,1.6923
0.06330000000000001,1.6915
0.0634,1.6923
0.0635,1.6915
0.0636,1.6915
0.0637,1.6907
0.06380000000000001,1.6899
0.0639,1.6891
0.064,1.6891
0.0641,1.6883
0.06420000000000001,1.6875
0.06430000000000001,1.6867
0.0644,1.6859
0.0645,1.6859
0.0646,1.6842
0.06470000000000001,1.6834
0.0648,1.6834
0.0649,1.6818
0.065,1.6818
0.0651,1.681
0.06520000000000001,1.6794
0.0653,1.6794
0.0654,1.6778
0.0655,1.677
0.0656,1.6762
0.06570000000000001,1.6738
0.0658,1.6746
0.0659,1.6738
0.066,1.6722
0.0661,1.6714
0.06620000000000001,1.6697
0.0663,1.6689
0.0664,1.6681
0.0665,1.6673
0.0666,1.6657
0.06670000000000001,1.6649
0.0668,1.6641
0.0669,1.6625
0.067,1.6617
0.0671,1.6609
0.06720000000000001,1.6601
0.0673,1.6577
0.0674,1.6577
0.0675,1.656
0.06760000000000001,1.6552
0.06770000000000001,1.6528
0.0678,1.6528
0.0679,1.652
0.068,1.6512
0.06810000000000001,1.6504
0.0682,1.6488
0.0683,1.648
0.0684,1.6472
0.0685,1.6456
0.06860000000000001,1.6448
0.0687,1.644
0.0688,1.6432
0.0689,1.6423
0.069,1.6407
0.06910000000000001,1.6399
0.0692,1.6383
0.0693,1.6383
0.0694,1.6367
0.0695,1.6367
0.06960000000000001,1.6359
0.0697,1.6343
0.0698,1.6343
0.0699,1.6335
0.07,1.6319
0.07010000000000001,1.6311
0.0702,1.6311
0.0703,1.6303
0.0704,1.6295
0.07050000000000001,1.6286
0.07060000000000001,1.6278
0.0707,1.627
0.0708,1.627
0.0709,1.6262
0.07100000000000001,1.6254
0.0711,1.6254
0.0712,1.6246
0.0713,1.6238
0.0714,1.6238
0.07150000000000001,1.6238
0.0716,1.6238
0.0717,1.623
0.0718,1.6222
0.0719,1.6222
0.07200000000000001,1.6222
0.0721,1.6214
0.0722,1.6214
0.0723,1.6206
0.0724,1.6206
0.07250000000000001,1.6198
0.0726,1.6206
0.0727,1.6198
0.0728,1.6206
0.0729,1.6198
0.07300000000000001,1.6198
0.0731,1.6198
0.0732,1.6198
0.0733,1.6198
0.0734,1.6198
0.07350000000000001,1.619
0.0736,1.6198
0.0737,1.6198
0.0738,1.6206
0.07390000000000001,1.6206
0.07400000000000001,1.6206
0.0741,1.6214
0.0742,1.6214
0.0743,1.6206
0.07440000000000001,1.6198
0.0745,1.6214
0.0746,1.6214
0.0747,1.6222
0.0748,1.6222
0.07490000000000001,1.6222
0.075,1.6222
0.0751,1.6222
0.0752,1.6238
0.0753,1.6246
0.07540000000000001,1.6246
0.0755,1.6246
0.0756,1.6254
0.0757,1.6262
0.0758,1.6262
0.07590000000000001,1.627
0.076,1.627
0.0761,1.627
0.0762,1.6278
0.0763,1.6286
0.07640000000000001,1.6278
0.0765,1.6278
0.0766,1.6295
0.0767,1.6303
0.07680000000000001,1.6311
0.07690000000000001,1.6319
0.077,1.6319
0.0771,1.6327
0.0772,1.6335
0.07730000000000001,1.6343
0.07740000000000001,1.6335
0.0775,1.6351
0.0776,1.6351
0.0777,1.6359
0.07780000000000001,1.6367
0.0779,1.6367
0.078,1.6383
0.0781,1.6383
0.0782,1.6383
0.07830000000000001,1.6399
0.0784,1.6399
0.0785,1.6407
0.0786,1.6415
0.0787,1.6415
0.07880000000000001,1.6423
0.0789,1.6432
0.079,1.6432
0.0791,1.644
0.0792,1.6448
0.07930000000000001,1.644
0.0794,1.6456
0.0795,1.6456
0.0796,1.6464
0.07970000000000001,1.6472
0.07980000000000001,1.6472
0.0799,1.6472
0.08,1.6472
0.0801,1.6488
0.08020000000000001,1.6496
0.08030000000000001,1.6504
0.0804,1.6504
0.0805,1.6504
0.0806,1.652
0.08070000000000001,1.652
0.08080000000000001,1.652
0.0809,1.6528
0.081,1.6528
0.0811,1.6536
0.08120000000000001,1.6536
0.0813,1.6544
0.0814,1.6544
0.0815,1.6552
0.0816,1.6552
0.08170000000000001,1.656
0.0818,1.656
0.0819,1.656
0.082,1.6568
0.0821,1.656
0.08220000000000001,1.6568
0.0823,1.6568
0.0824,1.6568
0.0825,1.6577
0.0826,1.6577
0.08270000000000001,1.6585
0.0828,1.6577
0.0829,1.6585
0.083,1.6577
0.08310000000000001,1.6585
0.08320000000000001,1.6585
0.0833,1.6585
0.0834,1.6585
0.0835,1.6593
0.08360000000000001,1.6585
0.08370000000000001,1.6585
0.0838,1.6585
0.0839,1.6585
0.084,1.6585
0.08410000000000001,1.6585
0.08420000000000001,1.6585
0.0843,1.6585
0.0844,1.6585
0.0845,1.6585
0.08460000000000001,1.6585
0.0847,1.6585
0.0848,1.6585
0.0849,1.6585
0.085,1.6585
0.08510000000000001,1.6577
0.0852,1.6577
0.0853,1.6577
0.0854,1.6577
0.0855,1.6577
0.08560000000000001,1.6577
0.0857,1.6577
0.0858,1.6568
0.0859,1.6568
0.08600000000000001,1.6568
0.08610000000000001,1.6568
0.0862,1.656
0.0863,1.656
0.0864,1.656
0.08650000000000001,1.656
0.08660000000000001,1.656
0.0867,1.6552
0.0868,1.6544
0.0869,1.6536
0.08700000000000001,1.6544
0.08710000000000001,1.6544
0.0872,1.6536
0.0873,1.6536
0.0874,1.6536
0.08750000000000001,1.652
0.0876,1.6512
0.0877,1.652
0.0878,1.652
0.0879,1.652
0.08800000000000001,1.652
0.0881,1.6512
0.0882,1.6504
0.0883,1.6504
0.0884,1.6496
0.08850000000000001,1.6496
0.0886,1.6496
0.0887,1.6488
0.0888,1.6488
0.0889,1.648
0.08900000000000001,1.648
0.0891,1.6472
0.0892,1.648
0.0893,1.6472
0.08940000000000001,1.6472
0.08950000000000001,1.6464
0.0896,1.6464
0.0897,1.6456
0.0898,1.6456
0.08990000000000001,1.6448
0.09000000000000001,1.6448
0.0901,1.6448
0.0902,1.6448
0.0903,1.644
0.09040000000000001,1.644
0.09050000000000001,1.6432
0.0906,1.6423
0.0907,1.6432
0.0908,1.6432
0.09090000000000001,1.6423
0.091,1.6423
0.0911,1.6423
0.0912,1.6415
0.0913,1.6415
0.09140000000000001,1.6415
0.0915,1.6407
0.0916,1.6407
0.0917,1.6415
0.0918,1.6407
0.09190000000000001,1.6407
0.092,1.6407
0.0921,1.6399
0.0922,1.6407
0.09230000000000001,1.6399
0.09240000000000001,1.6399
0.0925,1.6391
0.0926,1.6391
0.0927,1.6391
0.09280000000000001,1.6399
0.09290000000000001,1.6391
0.093,1.6391
0.0931,1.6383
0.0932,1.6383
0.09330000000000001,1.6383
0.09340000000000001,1.6391
0.0935,1.6383
0.0936,1.6391
0.0937,1.6383
0.09380000000000001,1.6383
0.09390000000000001,1.6383
0.094,1.6383
0.0941,1.6375
0.0942,1.6383
0.09430000000000001,1.6375
0.0944,1.6375
0.0945,1.6375
0.0946,1.6375
0.0947,1.6383
0.09480000000000001,1.6391
0.0949,1.6383
0.095,1.6383
0.0951,1.6383
0.0952,1.6383
0.09530000000000001,1.6383
0.0954,1.6383
0.0955,1.6383
0.0956,1.6367
0.09570000000000001,1.6375
0.09580000000000001,1.6383
0.0959,1.6391
0.096,1.6383
0.0961,1.6383
0.09620000000000001,1.6383
0.09630000000000001,1.6391
0.0964,1.6391
0.0965,1.6399
0.0966,1.6391
0.09670000000000001,1.6399
0.09680000000000001,1.6391
0.0969,1.6383
0.097,1.6399
0.0971,1.6399
0.09720000000000001,1.6399
0.09730000000000001,1.6407
0.0974,1.6407
0.0975,1.6407
0.0976,1.6407
0.09770000000000001,1.6407
0.0978,1.6407
0.0979,1.6407
0.098,1.6407
0.0981,1.6415
0.09820000000000001,1.6415
0.0983,1.6407
0.0984,1.6415
0.0985,1.6423
0.09860000000000001,1.6423
0.09870000000000001,1.6423
0.0988,1.6423
0.0989,1.6423
0.099,1.6432
0.09910000000000001,1.6423
0.09920000000000001,1.644
0.0993,1.6432
0.0994,1.644
0.0995,1.6432
0.09960000000000001,1.6432
0.09970000000000001,1.644
0.0998,1.644
0.0999,1.6448
0.1,1.6448
0.10010000000000001,1.6448
0.10020000000000001,1.6448
0.1003,1.6448
0.1004,1.6448
0.1005,1.6456
0.10060000000000001,1.6456
0.10070000000000001,1.6456
0.1008,1.6464
0.1009,1.6464
0.101,1.6464
0.10110000000000001,1.6464
0.1012,1.6456
0.1013,1.6472
0.1014,1.6472
0.1015,1.6472
0.10160000000000001,1.6472
0.1017,1.6472
0.1018,1.6472
0.1019,1.6464
0.10200000000000001,1.648
0.10210000000000001,1.6472
0.1022,1.648
0.1023,1.648
0.1024,1.648
0.10250000000000001,1.648
0.10260000000000001,1.648
0.1027,1.648
0.1028,1.648
0.1029,1.648
0.10300000000000001,1.648
0.10310000000000001,1.648
0.1032,1.6488
0.1033,1.6488
0.1034,1.6496
0.10350000000000001,1.6488
0.10360000000000001,1.6488
0.1037,1.6488
0.1038,1.6488
0.1039,1.6488
0.10400000000000001,1.6496
0.1041,1.6488
0.1042,1.6488
0.1043,1.6488
0.1044,1.6488
0.10450000000000001,1.6488
0.1046,1.6504
0.1047,1.6496
0.1048,1.6496
0.10490000000000001,1.6496
0.10500000000000001,1.6496
0.1051,1.6496
0.1052,1.6496
0.1053,1.6496
0.10540000000000001,1.6488
0.10550000000000001,1.6488
0.1056,1.6496
0.1057,1.6496
0.1058,1.6496
0.10590000000000001,1.6488
0.10600000000000001,1.6496
0.1061,1.6488
0.1062,1.6488
0.1063,1.6488
0.10640000000000001,1.6488
0.10650000000000001,1.6488
0.1066,1.6488
0.1067,1.6488
0.1068,1.648
0.10690000000000001,1.6488
0.10700000000000001,1.6488
0.1071,1.6488
0.1072,1.6488
0.1073,1.648
0.10740000000000001,1.6472
0.1075,1.648
0.1076,1.648
0.1077,1.648
0.1078,1.648
0.10790000000000001,1.648
0.108,1.6472
0.1081,1.6472
0.1082,1.648
0.10830000000000001,1.648
0.10840000000000001,1.648
0.1085,1.648
0.1086,1.6472
0.1087,1.6472
0.10880000000000001,1.6472
0.10890000000000001,1.6472
0.109,1.6472
0.1091,1.6464
0.1092,1.6472
0.10930000000000001,1.6472
0.10940000000000001,1.6464
0.1095,1.6472
0.1096,1.6472
0.1097,1.6464
0.10980000000000001,1.6464
0.10990000000000001,1.6464
0.11,1.6456
0.1101,1.6456
0.1102,1.6464
0.11030000000000001,1.6456
0.11040000000000001,1.6464
0.1105,1.6456
0.1106,1.6456
0.1107,1.6456
0.11080000000000001,1.6456
0.1109,1.6456
0.111,1.6456
0.1111,1.6448
0.11120000000000001,1.6448
0.11130000000000001,1.6448
0.1114,1.6448
0.1115,1.6448
0.1116,1.6448
0.11170000000000001,1.6448
0.11180000000000001,1.6448
0.1119,1.6448
0.112,1.644
0.1121,1.644
0.11220000000000001,1.644
0.11230000000000001,1.644
0.1124,1.6432
0.1125,1.644
0.1126,1.644
0.11270000000000001,1.644
0.11280000000000001,1.644
0.1129,1.644
0.113,1.6432
0.1131,1.6423
0.11320000000000001,1.644
0.11330000000000001,1.6432
0.1134,1.644
0.1135,1.6432
0.1136,1.6432
0.11370000000000001,1.6423
0.11380000000000001,1.6432
0.1139,1.6432
0.114,1.644
0.11410000000000001,1.6432
0.11420000000000001,1.6432
0.1143,1.6432
0.1144,1.6432
0.1145,1.6432
0.11460000000000001,1.6432
0.11470000000000001,1.6432
0.1148,1.6432
0.1149,1.6432
0.115,1.6432
0.11510000000000001,1.644
0.11520000000000001,1.6432
0.1153,1.6432
0.1154,1.6432
0.1155,1.6432
0.11560000000000001,1.6432
0.11570000000000001,1.6432
0.1158,1.6432
0.1159,1.6432
0.116,1.6432
0.11610000000000001,1.6432
0.11620000000000001,1.6432
0.1163,1.6423
0.1164,1.6432
0.1165,1.6432
0.11660000000000001,1.644
0.11670000000000001,1.644
0.1168,1.644
0.1169,1.6432
0.117,1.6432
0.11710000000000001,1.644
0.11720000000000001,1.6432
0.1173,1.644
0.1174,1.6432
0.11750000000000001,1.6432
0.11760000000000001,1.6432
0.1177,1.644
0.1178,1.644
0.1179,1.644
0.11800000000000001,1.6432
0.11810000000000001,1.644
0.1182,1.6432
0.1183,1.644
0.1184,1.644
0.11850000000000001,1.644
0.11860000000000001,1.6432
0.1187,1.6432
0.1188,1.6448
0.1189,1.644
0.11900000000000001,1.6448
0.11910000000000001,1.644
0.1192,1.6448
0.1193,1.644
0.1194,1.6448
0.11950000000000001,1.644
0.11960000000000001,1.6448
0.1197,1.644
0.1198,1.6448
0.1199,1.6448
0.12000000000000001,1.6448
0.12010000000000001,1.6448
0.1202,1.6448
0.1203,1.6456
0.12040000000000001,1.6448
0.12050000000000001,1.6448
0.1206,1.6448
0.1207,1.6456
0.1208,1.6448
0.12090000000000001,1.6456
0.12100000000000001,1.6456
0.1211,1.6456
0.1212,1.6456
0.1213,1.6456
0.12140000000000001,1.6456
0.12150000000000001,1.6456
0.1216,1.6456
0.1217,1.6464
0.1218,1.6456
0.12190000000000001,1.6456
0.12200000000000001,1.6456
0.1221,1.6456
0.1222,1.6456
0.1223,1.6456
0.12240000000000001,1.6448
0.12250000000000001,1.6464
0.1226,1.6456
0.1227,1.6464
0.1228,1.6464
0.12290000000000001,1.6464
0.12300000000000001,1.6456
0.1231,1.6464
0.1232,1.6464
0.1233,1.6464
0.12340000000000001,1.6456
0.12350000000000001,1.6464
0.1236,1.6464
0.1237,1.6464
0.12380000000000001,1.6464
0.12390000000000001,1.6464
0.124,1.6464
0.1241,1.6464
0.1242,1.6472
0.12430000000000001,1.6464
0.12440000000000001,1.6464
0.1245,1.6464
0.1246,1.6464
0.1247,1.6464
0.12480000000000001,1.6464
0.12490000000000001,1.6472
0.125,1.6472
0.12510000000000002,1.6472
0.1252,1.6472
0.1253,1.6464
0.1254,1.6464
0.1255,1.6464
0.12560000000000002,1.6464
0.1257,1.6472
0.1258,1.6464
0.1259,1.6472
0.126,1.6472
0.12610000000000002,1.6464
0.1262,1.6464
0.1263,1.6464
0.1264,1.6472
0.1265,1.6464
0.12660000000000002,1.6472
0.1267,1.6464
0.1268,1.6464
0.1269,1.6464
0.127,1.6472
0.12710000000000002,1.6464
0.1272,1.6464
0.1273,1.6464
0.1274,1.6464
0.1275,1.6464
0.12760000000000002,1.6464
0.1277,1.6456
0.1278,1.6464
0.1279,1.6456
0.128,1.6464
0.12810000000000002,1.6464
0.1282,1.6464
0.1283,1.6464
0.12840000000000001,1.6456
0.1285,1.6464
0.12860000000000002,1.6456
0.1287,1.6456
0.1288,1.6456
0.12890000000000001,1.6464
0.129,1.6464
0.1291,1.6456
0.1292,1.6464
0.1293,1.6464
0.12940000000000002,1.6464
0.1295,1.6456
0.1296,1.6456
0.1297,1.6456
0.1298,1.6456
0.12990000000000002,1.6456
0.13,1.6464
0.1301,1.6456
0.1302,1.6456
0.1303,1.6456
0.13040000000000002,1.6448
0.1305,1.6448
0.1306,1.6464
0.1307,1.6456
0.1308,1.6456
0.13090000000000002,1.6456
0.131,1.6456
0.1311,1.6448
0.1312,1.644
0.1313,1.6456
0.13140000000000002,1.6456
0.1315,1.6456
0.1316,1.6448
0.1317,1.6456
0.1318,1.6448
0.13190000000000002,1.6456
0.132,1.6456
0.1321,1.6456
0.1322,1.6448
0.1323,1.6448
0.13240000000000002,1.6448
0.1325,1.6448
0.1326,1.6456
0.1327,1.6448
0.1328,1.6448
0.13290000000000002,1.6448
0.133,1.6448
0.1331,1.644
0.1332,1.6448
0.1333,1.6448
0.13340000000000002,1.6456
0.1335,1.6448
0.1336,1.6448
0.1337,1.6448
0.1338,1.6448
0.13390000000000002,1.6448
0.134,1.6448
0.1341,1.6448
0.1342,1.6448
0.1343,1.6448
0.13440000000000002,1.6456
0.1345,1.6448
0.1346,1.644
0.13470000000000001,1.6448
0.1348,1.6448
0.13490000000000002,1.6448
0.135,1.644
0.1351,1.6448
0.13520000000000001,1.6448
0.1353,1.6448
0.13540000000000002,1.6448
0.1355,1.644
0.1356,1.6448
0.13570000000000002,1.644
0.1358,1.6448
0.1359,1.644
0.136,1.6448
0.1361,1.6448
0.13620000000000002,1.6448
0.1363,1.644
0.1364,1.6448
0.1365,1.6448
0.1366,1.644
0.13670000000000002,1.6448
0.1368,1.6448
0.1369,1.6448
0.137,1.6448
0.1371,1.6448
0.13720000000000002,1.6448
0.1373,1.6448
0.1374,1.644
0.1375,1.6456
0.1376,1.6448
0.13770000000000002,1.6448
0.1378,1.6448
0.1379,1.6448
0.138,1.6448
0.1381,1.644
0.13820000000000002,1.6448
0.1383,1.6456
0.1384,1.6448
0.1385,1.6448
0.1386,1.6456
0.13870000000000002,1.6448
0.1388,1.6448
0.1389,1.6448
0.139,1.6448
0.1391,1.6448
0.13920000000000002,1.6456
0.1393,1.6448
0.1394,1.6448
0.1395,1.6448
0.1396,1.6456
0.13970000000000002,1.6456
0.1398,1.6448
0.1399,1.6456
0.14,1.6456
0.1401,1.6448
0.14020000000000002,1.6456
0.1403,1.6448
0.1404,1.6448
0.1405,1.6456
0.1406,1.6448
0.14070000000000002,1.6448
0.1408,1.6456
0.1409,1.6448
0.14100000000000001,1.6448
0.1411,1.6456
0.14120000000000002,1.6456
0.1413,1.6448
0.1414,1.6456
0.14150000000000001,1.6456
0.1416,1.6456
0.14170000000000002,1.6456
0.1418,1.6456
0.1419,1.6456
0.14200000000000002,1.6456
0.1421,1.6456
0.1422,1.6456
0.1423,1.6448
0.1424,1.6448
0.14250000000000002,1.6456
0.1426,1.6456
0.1427,1.6456
0.1428,1.6456
0.1429,1.6456
0.14300000000000002,1.6448
0.1431,1.6448
0.1432,1.6456
0.1433,1.6456
0.1434,1.6448
0.14350000000000002,1.6456
0.1436,1.6456
0.1437,1.6456
0.1438,1.6464
0.1439,1.6456
0.14400000000000002,1.6464
0.1441,1.6456
0.1442,1.6448
0.1443,1.6456
0.1444,1.6456
0.14450000000000002,1.6456
0.1446,1.6456
0.1447,1.6464
0.1448,1.6456
0.1449,1.6456
0.14500000000000002,1.6456
0.1451,1.6456
0.1452,1.6456
0.1453,1.6456
0.1454,1.6456
0.14550000000000002,1.6456
0.1456,1.6456
0.1457,1.6456
0.1458,1.6456
0.1459,1.6456
0.14600000000000002,1.6456
0.1461,1.6464
0.1462,1.6456
0.1463,1.6456
0.1464,1.6464
0.14650000000000002,1.6456
0.1466,1.6456
0.1467,1.6456
0.1468,1.6456
0.1469,1.6456
0.14700000000000002,1.6456
0.1471,1.6456
0.1472,1.6456
0.14730000000000001,1.6456
0.1474,1.6448
0.14750000000000002,1.6456
0.1476,1.6456
0.1477,1.6456
0.14780000000000001,1.6464
0.1479,1.6456
0.14800000000000002,1.6456
0.1481,1.6448
0.1482,1.6456
0.14830000000000002,1.6456
0.1484,1.6456
0.14850000000000002,1.6456
0.1486,1.6456
0.1487,1.6456
0.14880000000000002,1.6464
0.1489,1.6456
0.149,1.6456
0.1491,1.6456
0.1492,1.6456
0.14930000000000002,1.6456
0.1494,1.6456
0.1495,1.6464
0.1496,1.6456
0.1497,1.6456
0.14980000000000002,1.6456
0.1499,1.6456
0.15,1.6456
0.1501,1.6456
0.1502,1.6464
0.15030000000000002,1.6448
0.1504,1.6456
0.1505,1.6456
0.1506,1.6456
0.1507,1.6448
0.15080000000000002,1.6456
0.1509,1.6448
0.151,1.6448
0.1511,1.6456
0.1512,1.6456
0.15130000000000002,1.6448
0.1514,1.6448
0.1515,1.6456
0.1516,1.6456
0.1517,1.6456
0.15180000000000002,1.6456
0.1519,1.6448
0.152,1.6456
0.1521,1.6448
0.1522,1.6456
0.15230000000000002,1.6448
0.1524,1.644
0.1525,1.6448
0.1526,1.6448
0.1527,1.6456
0.15280000000000002,1.6464
0.1529,1.6448
0.153,1.6448
0.1531,1.6448
0.1532,1.6456
0.15330000000000002,1.6448
0.1534,1.6456
0.1535,1.6456
0.15360000000000001,1.6456
0.1537,1.6456
0.15380000000000002,1.6448
0.1539,1.6448
0.154,1.6456
0.15410000000000001,1.6448
0.1542,1.6456
0.15430000000000002,1.6456
0.1544,1.6456
0.1545,1.6448
0.15460000000000002,1.6456
0.1547,1.6456
0.15480000000000002,1.6448
0.1549,1.6448
0.155,1.6448
0.15510000000000002,1.6456
0.1552,1.6456
0.1553,1.6448
0.1554,1.6456
0.1555,1.6448
0.15560000000000002,1.6456
0.1557,1.6456
0.1558,1.6448
0.1559,1.6448
0.156,1.6456
0.15610000000000002,1.6448
0.1562,1.6456
0.1563,1.6456
0.1564,1.6448
0.1565,1.6448
0.15660000000000002,1.6448
0.1567,1.6456
0.1568,1.6456
0.1569,1.6448
0.157,1.6456
0.15710000000000002,1.6456
0.1572,1.6456
0.1573,1.6456
0.1574,1.6448
0.1575,1.6456
0.15760000000000002,1.6456
0.1577,1.6456
0.1578,1.6448
0.1579,1.6456
0.158,1.6456
0.15810000000000002,1.6448
0.1582,1.6456
0.1583,1.6448
0.1584,1.6456
0.1585,1.6448
0.15860000000000002,1.6456
0.1587,1.6448
0.1588,1.6448
0.1589,1.6448
0.159,1.6456
0.15910000000000002,1.6456
0.1592,1.6448
0.1593,1.6448
0.15940000000000001,1.6456
0.1595,1.6456
0.15960000000000002,1.6456
0.1597,1.6456
0.1598,1.6448
0.15990000000000001,1.6448
0.16,1.6456
0.16010000000000002,1.6456
0.1602,1.6448
0.1603,1.6448
0.16040000000000001,1.644
0.1605,1.6456
0.16060000000000002,1.6448
0.1607,1.6448
0.1608,1.6448
0.16090000000000002,1.6448
0.161,1.6448
0.16110000000000002,1.644
0.1612,1.6448
0.1613,1.6448
0.16140000000000002,1.6456
0.1615,1.6456
0.16160000000000002,1.6456
0.1617,1.6456
0.1618,1.6456
0.16190000000000002,1.6456
0.162,1.6456
0.1621,1.6456
0.1622,1.6456
0.1623,1.6456
0.16240000000000002,1.6448
0.1625,1.6448
0.1626,1.6448
0.1627,1.6456
0.1628,1.6456
0.16290000000000002,1.6448
0.163,1.6448
0.1631,1.6456
0.1632,1.6456
0.1633,1.6456
0.16340000000000002,1.6464
0.1635,1.6456
0.1636,1.6456
0.1637,1.6448
0.1638,1.6456
0.16390000000000002,1.6448
0.164,1.6456
0.1641,1.6448
0.1642,1.6448
0.1643,1.6456
0.16440000000000002,1.6448
0.1645,1.6456
0.1646,1.6456
0.1647,1.6456
0.1648,1.6456
0.16490000000000002,1.6448
0.165,1.6456
0.1651,1.6456
0.1652,1.6456
0.1653,1.6448
0.16540000000000002,1.644
0.1655,1.6456
0.1656,1.6456
0.16570000000000001,1.6456
0.1658,1.6456
0.16590000000000002,1.6456
0.166,1.6448
0.1661,1.644
0.16620000000000001,1.6456
0.1663,1.6456
0.16640000000000002,1.6448
0.1665,1.6464
0.1666,1.6456
0.16670000000000001,1.6456
0.1668,1.6456
0.16690000000000002,1.6456
0.167,1.6456
0.1671,1.6448
0.16720000000000002,1.6456
0.1673,1.6456
0.16740000000000002,1.6448
0.1675,1.6456
0.1676,1.6456
0.16770000000000002,1.6456
0.1678,1.6456
0.16790000000000002,1.6456
0.168,1.6456
0.1681,1.6456
0.16820000000000002,1.6456
0.1683,1.6456
0.16840000000000002,1.6456
0.1685,1.6456
0.1686,1.6456
0.16870000000000002,1.6448
0.1688,1.6456
0.1689,1.6448
0.169,1.6456
0.1691,1.6456
0.16920000000000002,1.6456
0.1693,1.6448
0.1694,1.6456
0.1695,1.6464
0.1696,1.6456
0.16970000000000002,1.6456
0.1698,1.6456
0.1699,1.6456
0.17,1.6456
0.1701,1.6456
0.17020000000000002,1.6456
0.1703,1.6448
0.1704,1.6448
0.1705,1.6456
0.1706,1.6456
0.17070000000000002,1.6448
0.1708,1.6456
0.1709,1.6456
0.171,1.6448
0.1711,1.6448
0.17120000000000002,1.6456
0.1713,1.6456
0.1714,1.6448
0.1715,1.6456
0.1716,1.6456
0.17170000000000002,1.6456
0.1718,1.6456
0.1719,1.6456
0.17200000000000001,1.6456
0.1721,1.6456
0.17220000000000002,1.6448
0.1723,1.6448
0.1724,1.6456
0.17250000000000001,1.6448
0.1726,1.6456
0.17270000000000002,1.6456
0.1728,1.6456
0.1729,1.6456
0.17300000000000001,1.6456
0.1731,1.6456
0.17320000000000002,1.6456
0.1733,1.6456
0.1734,1.6456
0.17350000000000002,1.6456
0.1736,1.6456
0.17370000000000002,1.6456
0.1738,1.6448
0.1739,1.6448
0.17400000000000002,1.6456
0.1741,1.6456
0.17420000000000002,1.6456
0.1743,1.6448
0.1744,1.6456
0.17450000000000002,1.6448
0.1746,1.6456
0.17470000000000002,1.6456
0.1748,1.6448
0.1749,1.6456
0.17500000000000002,1.6456
0.1751,1.6456
0.1752,1.6456
0.1753,1.6448
0.1754,1.6448
0.17550000000000002,1.6456
0.1756,1.6448
0.1757,1.6456
0.1758,1.6448
0.1759,1.6448
0.17600000000000002,1.6448
0.1761,1.6448
0.1762,1.6456
0.1763,1.6456
0.1764,1.6456
0.17650000000000002,1.6456
0.1766,1.6448
0.1767,1.6456
0.1768,1.6456
0.1769,1.6456
0.17700000000000002,1.6448
0.1771,1.6448
0.1772,1.6448
0.1773,1.6456
0.1774,1.6448
0.17750000000000002,1.6456
0.1776,1.6448
0.1777,1.6456
0.1778,1.6456
0.1779,1.6456
0.17800000000000002,1.6456
0.1781,1.6456
0.1782,1.6456
0.17830000000000001,1.6448
0.1784,1.6456
0.17850000000000002,1.6456
0.1786,1.6448
0.1787,1.6448
0.17880000000000001,1.6448
0.1789,1.6456
0.17900000000000002,1.6448
0.1791,1.6456
0.1792,1.6448
0.17930000000000001,1.6456
0.1794,1.6456
0.17950000000000002,1.6448
0.1796,1.6456
0.1797,1.6456
0.17980000000000002,1.6448
0.1799,1.6448
0.18000000000000002,1.6456
0.1801,1.6448
0.1802,1.6456
0.18030000000000002,1.6448
0.1804,1.6456
0.18050000000000002,1.6456
0.1806,1.6456
0.1807,1.6456
0.18080000000000002,1.6456
0.1809,1.6456
0.18100000000000002,1.6456
0.1811,1.6448
0.1812,1.6448
0.18130000000000002,1.6456
0.1814,1.6456
0.18150000000000002,1.6456
0.1816,1.6456
0.1817,1.6456
0.18180000000000002,1.6456
0.1819,1.6456
0.182,1.6448
0.1821,1.6456
0.1822,1.6456
0.18230000000000002,1.6448
0.1824,1.6456
0.1825,1.6456
0.1826,1.6456
0.1827,1.6456
0.18280000000000002,1.6456
0.1829,1.6456
0.183,1.6456
0.1831,1.6456
0.1832,1.6448
0.18330000000000002,1.6456
0.1834,1.6456
0.1835,1.6448
0.1836,1.6456
0.1837,1.6456
0.18380000000000002,1.6456
0.1839,1.6456
0.184,1.6456
0.1841,1.6456
0.1842,1.6456
0.18430000000000002,1.6456
0.1844,1.6448
0.1845,1.6448
0.18460000000000001,1.6448
0.1847,1.6456
0.18480000000000002,1.6456
0.1849,1.6456
0.185,1.6456
0.18510000000000001,1.6456
0.1852,1.6448
0.18530000000000002,1.6448
0.1854,1.6456
0.1855,1.6456
0.18560000000000001,1.6456
0.1857,1.6456
0.18580000000000002,1.6456
0.1859,1.6456
0.186,1.6448
0.18610000000000002,1.6456
0.1862,1.6456
0.18630000000000002,1.6448
0.1864,1.6456
0.1865,1.6456
0.18660000000000002,1.6456
0.1867,1.6448
0.18680000000000002,1.6456
0.1869,1.6448
0.187,1.6456
0.18710000000000002,1.6456
0.1872,1.6448
0.18730000000000002,1.6456
0.1874,1.6448
0.1875,1.6448
0.18760000000000002,1.6456
0.1877,1.6456
0.18780000000000002,1.6456
0.1879,1.6456
0.188,1.6448
0.18810000000000002,1.6456
0.1882,1.6456
0.1883,1.6448
0.1884,1.644
0.1885,1.6456
0.18860000000000002,1.6448
0.1887,1.6456
0.1888,1.6456
0.1889,1.6456
0.189,1.6448
0.18910000000000002,1.644
0.1892,1.6456
0.1893,1.6456
0.1894,1.6448
0.1895,1.6448
0.18960000000000002,1.6456
0.1897,1.6456
0.1898,1.6456
0.1899,1.6456
0.19,1.6456
0.19010000000000002,1.6456
0.1902,1.6456
0.1903,1.6456
0.1904,1.6456
0.1905,1.6448
0.19060000000000002,1.6456
0.1907,1.6456
0.1908,1.6456
0.19090000000000001,1.6448
0.191,1.6456
0.19110000000000002,1.6456
0.1912,1.6456
0.1913,1.6456
0.19140000000000001,1.6456
0.1915,1.6456
0.19160000000000002,1.6456
0.1917,1.6448
0.1918,1.6456
0.19190000000000002,1.644
0.192,1.6448
0.19210000000000002,1.6456
0.1922,1.6456
0.1923,1.6456
0.19240000000000002,1.6448
0.1925,1.6456
0.19260000000000002,1.6448
0.1927,1.6456
0.1928,1.6456
0.19290000000000002,1.6456
0.193,1.6448
0.19310000000000002,1.6448
0.1932,1.6456
0.1933,1.6456
0.19340000000000002,1.6448
0.1935,1.6448
0.19360000000000002,1.6456
0.1937,1.6448
0.1938,1.6448
0.19390000000000002,1.6456
0.194,1.6456
0.19410000000000002,1.6448
0.1942,1.6448
0.1943,1.6456
0.19440000000000002,1.6456
0.1945,1.6448
0.19460000000000002,1.6456
0.1947,1.6456
0.1948,1.6456
0.19490000000000002,1.6456
0.195,1.6456
0.1951,1.6448
0.1952,1.6456
0.1953,1.6456
0.19540000000000002,1.6456
0.1955,1.6456
0.1956,1.6448
0.1957,1.6464
0.1958,1.6448
0.19590000000000002,1.6448
0.196,1.6456
0.1961,1.6448
0.1962,1.6456
0.1963,1.6448
0.19640000000000002,1.6456
0.1965,1.6456
0.1966,1.6456
0.1967,1.6448
0.1968,1.6456
0.19690000000000002,1.6448
0.197,1.6456
0.1971,1.6456
0.19720000000000001,1.6448
0.1973,1.6448
0.19740000000000002,1.6448
0.1975,1.6456
0.1976,1.6456
0.19770000000000001,1.6456
0.1978,1.6456
0.19790000000000002,1.6456
0.198,1.6448
0.1981,1.6448
0.19820000000000002,1.6456
0.1983,1.644
0.19840000000000002,1.644
0.1985,1.6448
0.1986,1.6456
0.19870000000000002,1.6456
0.1988,1.6456
0.19890000000000002,1.6456
0.199,1.6448
0.1991,1.644
0.19920000000000002,1.6456
0.1993,1.6456
0.19940000000000002,1.6456
0.1995,1.6448
0.1996,1.6456
0.19970000000000002,1.6456
0.1998,1.6456
0.19990000000000002,1.6456
0.2,1.6456
0.2001,1.6456
0.20020000000000002,1.6448
0.2003,1.6456
0.20040000000000002,1.6448
0.2005,1.6456
0.2006,1.6448
0.20070000000000002,1.6448
0.2008,1.6456
0.20090000000000002,1.6456
0.201,1.6456
0.2011,1.6456
0.20120000000000002,1.6456
0.2013,1.6456
0.20140000000000002,1.6456
0.2015,1.6456
0.2016,1.6448
0.20170000000000002,1.6456
0.2018,1.6456
0.2019,1.6448
0.202,1.6456
0.2021,1.6456
0.20220000000000002,1.6456
0.2023,1.6456
0.2024,1.6448
0.2025,1.6456
0.2026,1.6456
0.20270000000000002,1.6456
0.2028,1.6456
0.2029,1.6448
0.203,1.6456
0.2031,1.6456
0.20320000000000002,1.6456
0.2033,1.6448
0.2034,1.644
0.20350000000000001,1.6456
0.2036,1.6456
0.20370000000000002,1.6448
0.2038,1.6456
0.2039,1.6456
0.20400000000000001,1.6448
0.2041,1.644
0.20420000000000002,1.6456
0.2043,1.6448
0.2044,1.6456
0.20450000000000002,1.6456
0.2046,1.6456
0.20470000000000002,1.6456
0.2048,1.6456
0.2049,1.6448
0.20500000000000002,1.6456
0.2051,1.6456
0.20520000000000002,1.6456
0.2053,1.6456
0.2054,1.6456
0.20550000000000002,1.6456
0.2056,1.6464
0.20570000000000002,1.6448
0.2058,1.6456
0.2059,1.6456
0.20600000000000002,1.6456
0.2061,1.6456
0.20620000000000002,1.6456
0.2063,1.6456
0.2064,1.6456
0.20650000000000002,1.6456
0.2066,1.6456
0.20670000000000002,1.6456
0.2068,1.6448
0.2069,1.6456
0.20700000000000002,1.6456
0.2071,1.6456
0.20720000000000002,1.6456
0.2073,1.6456
0.2074,1.6456
0.20750000000000002,1.6456
0.2076,1.6456
0.20770000000000002,1.6456
0.2078,1.6456
0.2079,1.6456
0.20800000000000002,1.6456
0.2081,1.6456
0.2082,1.6448
0.2083,1.6448
0.2084,1.6464
0.20850000000000002,1.6456
0.2086,1.6448
0.2087,1.6456
0.2088,1.6456
0.2089,1.6456
0.20900000000000002,1.6456
0.2091,1.6456
0.2092,1.6456
0.2093,1.6456
0.2094,1.6456
0.20950000000000002,1.6456
0.2096,1.6456
0.2097,1.6448
0.20980000000000001,1.6456
0.2099,1.6448
0.21000000000000002,1.6456
0.2101,1.6456
0.2102,1.6456
0.21030000000000001,1.6456
0.2104,1.6448
0.21050000000000002,1.6448
0.2106,1.6456
0.2107,1.6448
0.21080000000000002,1.6448
0.2109,1.6448
0.21100000000000002,1.6456
0.2111,1.6448
0.2112,1.6448
0.21130000000000002,1.6448
0.2114,1.644
0.21150000000000002,1.6456
0.2116,1.6456
0.2117,1.6448
0.21180000000000002,1.6456
0.2119,1.6456
0.21200000000000002,1.6448
0.2121,1.644
0.2122,1.6448
0.21230000000000002,1.6456
0.2124,1.6456
0.21250000000000002,1.6456
0.2126,1.6456
0.2127,1.6448
0.21280000000000002,1.6448
0.2129,1.6448
0.21300000000000002,1.6456
0.2131,1.6448
0.2132,1.6448
0.21330000000000002,1.6456
0.2134,1.6456
0.21350000000000002,1.6456
0.2136,1.6456
0.2137,1.6456
0.21380000000000002,1.6448
0.2139,1.6448
0.21400000000000002,1.6448
0.2141,1.6456
0.2142,1.6456
0.21430000000000002,1.6448
0.2144,1.6456
0.21450000000000002,1.6456
0.2146,1.6456
0.2147,1.6448
0.21480000000000002,1.6456
0.2149,1.6448
0.215,1.6456
0.2151,1.6456
0.2152,1.6448
0.21530000000000002,1.6456
0.2154,1.6448
0.2155,1.6456
0.2156,1.6456
0.2157,1.6448
0.21580000000000002,1.6448
0.2159,1.6456
0.216,1.6448
0.21610000000000001,1.6456
0.2162,1.6456
0.21630000000000002,1.6448
0.2164,1.644
0.2165,1.6456
0.21660000000000001,1.6456
0.2167,1.6456
0.21680000000000002,1.6456
0.2169,1.6456
0.217,1.6448
0.21710000000000002,1.644
0.2172,1.6456
0.21730000000000002,1.6448
0.2174,1.6456
0.2175,1.6456
0.21760000000000002,1.6456
0.2177,1.6456
0.21780000000000002,1.6456
0.2179,1.6448
0.218,1.6456
0.21810000000000002,1.6456
0.2182,1.6456
0.21830000000000002,1.6456
0.2184,1.6456
0.2185,1.6456
0.21860000000000002,1.6448
0.2187,1.6456
0.21880000000000002,1.6456
0.2189,1.6456
0.219,1.6456
0.21910000000000002,1.6456
0.2192,1.6456
0.21930000000000002,1.6448
0.2194,1.6456
0.2195,1.6448
0.21960000000000002,1.6456
0.2197,1.6456
0.21980000000000002,1.6456
0.2199,1.6448
0.22,1.6448
0.22010000000000002,1.6456
0.2202,1.6456
0.22030000000000002,1.6448
0.2204,1.6456
0.2205,1.6456
0.22060000000000002,1.6448
0.2207,1.6448
0.22080000000000002,1.6448
0.2209,1.6456
0.221,1.6456
0.22110000000000002,1.6456
0.2212,1.6448
0.22130000000000002,1.6448
0.2214,1.644
0.2215,1.6448
0.22160000000000002,1.6456
0.2217,1.6448
0.2218,1.6448
0.22190000000000001,1.6456
0.222,1.6448
0.22210000000000002,1.6448
0.2222,1.6456
0.2223,1.6456
0.22240000000000001,1.6456
0.2225,1.6448
0.22260000000000002,1.6456
0.2227,1.6456
0.2228,1.6456
0.22290000000000001,1.6456
0.223,1.6456
0.22310000000000002,1.6448
0.2232,1.6448
0.2233,1.6456
0.22340000000000002,1.6456
0.2235,1.6456
0.22360000000000002,1.6456
0.2237,1.6456
0.2238,1.6448
0.22390000000000002,1.6456
0.224,1.6456
0.22410000000000002,1.6448
0.2242,1.6456
0.2243,1.6456
0.22440000000000002,1.6464
0.2245,1.6456
0.22460000000000002,1.6456
0.2247,1.6448
0.2248,1.6456
0.22490000000000002,1.6448
0.225,1.6456
0.22510000000000002,1.6456
0.2252,1.6456
0.2253,1.6456
0.22540000000000002,1.6456
0.2255,1.6456
0.22560000000000002,1.6456
0.2257,1.6448
0.2258,1.6448
0.22590000000000002,1.6456
0.226,1.6456
0.22610000000000002,1.6456
0.2262,1.6456
0.2263,1.6456
0.22640000000000002,1.6448
0.2265,1.6456
0.22660000000000002,1.6448
0.2267,1.6456
0.2268,1.6456
0.22690000000000002,1.6456
0.227,1.6448
0.22710000000000002,1.644
0.2272,1.6448
0.2273,1.6456
0.22740000000000002,1.6448
0.2275,1.6456
0.22760000000000002,1.6456
0.2277,1.6456
0.2278,1.6456
0.22790000000000002,1.6448
0.228,1.6456
0.2281,1.6448
0.22820000000000001,1.6456
0.2283,1.6448
0.22840000000000002,1.6456
0.2285,1.6456
0.2286,1.6448
0.22870000000000001,1.6456
0.2288,1.6448
0.22890000000000002,1.6456
0.229,1.6448
0.2291,1.6448
0.22920000000000001,1.6456
0.2293,1.6456
0.22940000000000002,1.6456
0.2295,1.6456
0.2296,1.6456
0.22970000000000002,1.6448
0.2298,1.6456
0.22990000000000002,1.6448
0.23,1.6448
0.2301,1.6456
0.23020000000000002,1.6456
0.2303,1.6448
0.23040000000000002,1.6456
0.2305,1.6456
0.2306,1.6456
0.23070000000000002,1.6448
0.2308,1.6456
0.23090000000000002,1.6456
0.231,1.6456
0.2311,1.6456
0.23120000000000002,1.6448
0.2313,1.6448
0.23140000000000002,1.6456
0.2315,1.6456
0.2316,1.6448
0.23170000000000002,1.6448
0.2318,1.6456
0.23190000000000002,1.6448
0.232,1.644
0.2321,1.6448
0.23220000000000002,1.6456
0.2323,1.6456
0.23240000000000002,1.6448
0.2325,1.6456
0.2326,1.6456
0.23270000000000002,1.6456
0.2328,1.6448
0.23290000000000002,1.6456
0.233,1.6456
0.2331,1.6448
0.23320000000000002,1.6448
0.2333,1.6448
0.23340000000000002,1.6456
0.2335,1.6448
0.2336,1.6456
0.23370000000000002,1.6448
0.2338,1.6456
0.23390000000000002,1.6456
0.234,1.6448
0.2341,1.6448
0.23420000000000002,1.6448
0.2343,1.6448
0.23440000000000003,1.6448
0.23450000000000001,1.6448
0.2346,1.6448
0.23470000000000002,1.6456
0.2348,1.6448
0.2349,1.6456
0.23500000000000001,1.6448
0.2351,1.6456
0.23520000000000002,1.6448
0.2353,1.6456
0.2354,1.6448
0.23550000000000001,1.6456
0.2356,1.6448
0.23570000000000002,1.6456
0.2358,1.6448
0.2359,1.6448
0.23600000000000002,1.6448
0.2361,1.6448
0.23620000000000002,1.6456
0.2363,1.6448
0.2364,1.6448
0.23650000000000002,1.6456
0.2366,1.6448
0.23670000000000002,1.6456
0.2368,1.6448
0.2369,1.6448
0.23700000000000002,1.6448
0.2371,1.6456
0.23720000000000002,1.6448
0.2373,1.6448
0.2374,1.6456
0.23750000000000002,1.6448
0.2376,1.6456
0.23770000000000002,1.6448
0.2378,1.6448
0.2379,1.6448
0.23800000000000002,1.6456
0.2381,1.6456
0.23820000000000002,1.6456
0.2383,1.6456
0.2384,1.6448
0.23850000000000002,1.6456
0.2386,1.6448
0.23870000000000002,1.6448
0.2388,1.6448
0.2389,1.6456
0.23900000000000002,1.6448
0.2391,1.6456
0.23920000000000002,1.6448
0.2393,1.6448
0.2394,1.644
0.23950000000000002,1.6456
0.2396,1.6448
0.23970000000000002,1.6456
0.2398,1.6456
0.2399,1.6456
0.24000000000000002,1.6448
0.2401,1.6448
0.24020000000000002,1.6456
0.2403,1.6456
0.2404,1.6448
0.24050000000000002,1.6448
0.2406,1.6456
0.24070000000000003,1.6448
0.24080000000000001,1.6456
0.2409,1.6456
0.24100000000000002,1.6448
0.2411,1.6448
0.2412,1.6448
0.24130000000000001,1.6456
0.2414,1.6448
0.24150000000000002,1.6448
0.2416,1.6456
0.2417,1.6456
0.24180000000000001,1.6456
0.2419,1.6456
0.24200000000000002,1.6448
0.2421,1.6456
0.2422,1.6448
0.24230000000000002,1.6456
0.2424,1.6456
0.24250000000000002,1.6456
0.2426,1.6456
0.2427,1.6448
0.24280000000000002,1.6456
0.2429,1.6456
0.24300000000000002,1.6456
0.2431,1.6456
0.2432,1.6448
0.24330000000000002,1.6456
0.2434,1.6448
0.24350000000000002,1.6456
0.2436,1.6456
0.2437,1.6456
0.24380000000000002,1.6448
0.2439,1.6456
0.24400000000000002,1.6448
0.2441,1.6456
0.2442,1.6448
0.24430000000000002,1.6448
0.2444,1.6448
0.24450000000000002,1.6456
0.2446,1.6456
0.2447,1.6448
0.24480000000000002,1.6448
0.2449,1.6448
0.24500000000000002,1.6448
0.2451,1.644
0.2452,1.6456
0.24530000000000002,1.6456
0.2454,1.6456
0.24550000000000002,1.6448
0.2456,1.6448
0.2457,1.6456
0.24580000000000002,1.6456
0.2459,1.6448
0.24600000000000002,1.6456
0.2461,1.6448
0.2462,1.6448
0.24630000000000002,1.6456
0.2464,1.6448
0.24650000000000002,1.6456
0.2466,1.6448
0.2467,1.6456
0.24680000000000002,1.6456
0.2469,1.6448
0.24700000000000003,1.6448
0.24710000000000001,1.6456
0.2472,1.6456
0.24730000000000002,1.6456
0.2474,1.6456
0.24750000000000003,1.6448
0.24760000000000001,1.6456
0.2477,1.6448
0.24780000000000002,1.6456
0.2479,1.6448
0.248,1.6456
0.24810000000000001,1.6456
0.2482,1.6456
0.24830000000000002,1.6456
0.2484,1.6456
0.2485,1.6448
0.24860000000000002,1.6456
0.2487,1.6448
0.24880000000000002,1.6456
0.2489,1.6448
0.249,1.6448
0.24910000000000002,1.6448
0.2492,1.6448
0.24930000000000002,1.6448
0.2494,1.6448
0.2495,1.6448
0.24960000000000002,1.6456
0.2497,1.6448
0.24980000000000002,1.6448
0.2499,1.6456
0.25,1.6448
0.2501,1.644
0.25020000000000003,1.6448
0.2503,1.6456
0.2504,1.6448
0.2505,1.6448
0.2506,1.6448
0.25070000000000003,1.6448
0.2508,1.6456
0.2509,1.6456
0.251,1.6456
0.2511,1.6456
0.25120000000000003,1.6456
0.2513,1.6448
0.2514,1.6456
0.2515,1.6448
0.2516,1.6456
0.25170000000000003,1.6456
0.2518,1.6448
0.2519,1.6456
0.252,1.6456
0.2521,1.6456
0.25220000000000004,1.6456
0.2523,1.6448
0.2524,1.6456
0.2525,1.6448
0.2526,1.6456
0.25270000000000004,1.6448
0.2528,1.6456
0.2529,1.6448
0.253,1.6448
0.2531,1.6456
0.25320000000000004,1.6448
0.2533,1.6456
0.2534,1.6448
0.2535,1.6456
0.2536,1.6456
0.25370000000000004,1.6456
0.2538,1.6456
0.2539,1.6456
0.254,1.6456
0.2541,1.6456
0.25420000000000004,1.6456
0.2543,1.6448
0.2544,1.644
0.2545,1.6448
0.2546,1.6456
0.25470000000000004,1.6456
0.2548,1.6456
0.2549,1.6448
0.255,1.6448
0.2551,1.644
0.25520000000000004,1.6456
0.2553,1.6456
0.2554,1.6456
0.2555,1.6456
0.2556,1.6448
0.25570000000000004,1.6448
0.2558,1.6456
0.2559,1.6456
0.256,1.6456
0.2561,1.6456
0.25620000000000004,1.6448
0.25630000000000003,1.6456
0.2564,1.6448
0.2565,1.6456
0.2566,1.6456
0.25670000000000004,1.6456
0.25680000000000003,1.6456
0.2569,1.6456
0.257,1.6456
0.2571,1.6464
0.25720000000000004,1.6456
0.25730000000000003,1.6448
0.2574,1.6456
0.2575,1.6456
0.2576,1.6448
0.2577,1.6456
0.25780000000000003,1.6456
0.2579,1.6456
0.258,1.6448
0.2581,1.6448
0.2582,1.6456
0.25830000000000003,1.6456
0.2584,1.6448
0.2585,1.6456
0.2586,1.6456
0.2587,1.6456
0.25880000000000003,1.6456
0.2589,1.6448
0.259,1.6456
0.2591,1.6448
0.2592,1.6456
0.25930000000000003,1.6456
0.2594,1.6448
0.2595,1.6456
0.2596,1.6456
0.2597,1.6456
0.25980000000000003,1.6448
0.2599,1.6448
0.26,1.6456
0.2601,1.6448
0.2602,1.6448
0.26030000000000003,1.6456
0.2604,1.6456
0.2605,1.6448
0.2606,1.6456
0.2607,1.6448
0.26080000000000003,1.6448
0.2609,1.6448
0.261,1.6448
0.2611,1.6456
0.2612,1.6448
0.26130000000000003,1.6448
0.2614,1.6456
0.2615,1.6448
0.2616,1.6456
0.2617,1.6448
0.26180000000000003,1.6448
0.2619,1.6448
0.262,1.6456
0.2621,1.6456
0.2622,1.6456
0.26230000000000003,1.6448
0.2624,1.644
0.2625,1.6448
0.2626,1.6448
0.2627,1.6448
0.26280000000000003,1.6448
0.2629,1.6448
0.263,1.6448
0.2631,1.644
0.2632,1.6448
0.26330000000000003,1.6456
0.2634,1.6448
0.2635,1.6448
0.2636,1.6448
0.2637,1.6456
0.26380000000000003,1.6448
0.2639,1.6448
0.264,1.6448
0.2641,1.6448
0.2642,1.6456
0.26430000000000003,1.6448
0.2644,1.6448
0.2645,1.6448
0.2646,1.6456
0.2647,1.6448
0.26480000000000004,1.6448
0.2649,1.6448
0.265,1.6456
0.2651,1.6448
0.2652,1.6456
0.26530000000000004,1.6448
0.2654,1.6448
0.2655,1.6456
0.2656,1.6448
0.2657,1.6456
0.26580000000000004,1.6456
0.2659,1.6448
0.266,1.6448
0.2661,1.6448
0.2662,1.6448
0.26630000000000004,1.6448
0.2664,1.6456
0.2665,1.6448
0.2666,1.6456
0.2667,1.6456
0.26680000000000004,1.6448
0.2669,1.6456
0.267,1.6448
0.2671,1.6464
0.2672,1.6456
0.26730000000000004,1.6448
0.2674,1.6448
0.2675,1.6456
0.2676,1.6448
0.2677,1.6448
0.26780000000000004,1.6448
0.2679,1.6448
0.268,1.6448
0.2681,1.644
0.2682,1.6456
0.26830000000000004,1.6456
0.2684,1.6448
0.2685,1.6456
0.2686,1.6456
0.2687,1.6456
0.26880000000000004,1.6456
0.26890000000000003,1.6456
0.269,1.6456
0.2691,1.6448
0.2692,1.6448
0.26930000000000004,1.6456
0.26940000000000003,1.6456
0.2695,1.6456
0.2696,1.6456
0.2697,1.6456
0.26980000000000004,1.6456
0.26990000000000003,1.6456
0.27,1.6456
0.2701,1.6448
0.2702,1.6456
0.27030000000000004,1.6456
0.27040000000000003,1.6456
0.2705,1.6456
0.2706,1.6456
0.2707,1.6448
0.27080000000000004,1.6456
0.27090000000000003,1.6448
0.271,1.6456
0.2711,1.6456
0.2712,1.6448
0.2713,1.6448
0.27140000000000003,1.6448
0.2715,1.6448
0.2716,1.6456
0.2717,1.6448
0.2718,1.6448
0.27190000000000003,1.6448
0.272,1.6448
0.2721,1.6448
0.2722,1.6448
0.2723,1.644
0.27240000000000003,1.644
0.2725,1.6456
0.2726,1.6448
0.2727,1.6448
0.2728,1.6448
0.27290000000000003,1.6448
0.273,1.6456
0.2731,1.644
0.2732,1.6448
0.2733,1.6456
0.27340000000000003,1.6456
0.2735,1.6456
0.2736,1.6448
0.2737,1.6448
0.2738,1.6456
0.27390000000000003,1.6456
0.274,1.6448
0.2741,1.6448
0.2742,1.6456
0.2743,1.6456
0.27440000000000003,1.6456
0.2745,1.6456
0.2746,1.6448
0.2747,1.6456
0.2748,1.6448
0.27490000000000003,1.6456
0.275,1.6448
0.2751,1.6448
0.2752,1.6456
0.2753,1.6456
0.27540000000000003,1.6456
0.2755,1.6456
0.2756,1.6456
0.2757,1.6448
0.2758,1.6456
0.27590000000000003,1.6456
0.276,1.6456
0.2761,1.6456
0.2762,1.6448
0.2763,1.6456
0.27640000000000003,1.6456
0.2765,1.6448
0.2766,1.6456
0.2767,1.6456
0.2768,1.6456
0.27690000000000003,1.6456
0.277,1.6456
0.2771,1.6448
0.2772,1.6456
0.2773,1.6448
0.27740000000000004,1.644
0.2775,1.6456
0.2776,1.6448
0.2777,1.6448
0.2778,1.6448
0.27790000000000004,1.6456
0.278,1.6448
0.2781,1.6448
0.2782,1.6456
0.2783,1.6448
0.27840000000000004,1.6456
0.2785,1.6456
0.2786,1.6456
0.2787,1.6456
0.2788,1.6456
0.27890000000000004,1.6448
0.279,1.6448
0.2791,1.6456
0.2792,1.6456
0.2793,1.6456
0.27940000000000004,1.6456
0.2795,1.6456
0.2796,1.6456
0.2797,1.6456
0.2798,1.6456
0.27990000000000004,1.6448
0.28,1.6448
0.2801,1.6456
0.2802,1.6456
0.2803,1.6448
0.28040000000000004,1.6456
0.2805,1.6448
0.2806,1.6456
0.2807,1.6448
0.2808,1.6448
0.28090000000000004,1.6448
0.281,1.6448
0.2811,1.6448
0.2812,1.6456
0.2813,1.6456
0.28140000000000004,1.6456
0.28150000000000003,1.6456
0.2816,1.6448
0.2817,1.6448
0.2818,1.6456
0.28190000000000004,1.6448
0.28200000000000003,1.6456
0.2821,1.6448
0.2822,1.6456
0.2823,1.6448
0.28240000000000004,1.6448
0.28250000000000003,1.6456
0.2826,1.6456
0.2827,1.6456
0.2828,1.6456
0.28290000000000004,1.6456
0.28300000000000003,1.6448
0.2831,1.6456
0.2832,1.6456
0.2833,1.6456
0.28340000000000004,1.6456
0.28350000000000003,1.6456
0.2836,1.6456
0.2837,1.6448
0.2838,1.6456
0.28390000000000004,1.6448
0.28400000000000003,1.6456
0.2841,1.6456
0.2842,1.6456
0.2843,1.6456
0.2844,1.6456
0.28450000000000003,1.6456
0.2846,1.6448
0.2847,1.6456
0.2848,1.6456
0.2849,1.6448
0.28500000000000003,1.6456
0.2851,1.6456
0.2852,1.6456
0.2853,1.6448
0.2854,1.6448
0.28550000000000003,1.6456
0.2856,1.6448
0.2857,1.6456
0.2858,1.6456
0.2859,1.6456
0.28600000000000003,1.6456
0.2861,1.6448
0.2862,1.6456
0.2863,1.6456
0.2864,1.6456
0.28650000000000003,1.6456
0.2866,1.6448
0.2867,1.6456
0.2868,1.6456
0.2869,1.6456
0.28700000000000003,1.6456
0.2871,1.6448
0.2872,1.6456
0.2873,1.6448
0.2874,1.6456
0.28750000000000003,1.6456
0.2876,1.6456
0.2877,1.6456
0.2878,1.6456
0.2879,1.6448
0.28800000000000003,1.6448
0.2881,1.6456
0.2882,1.6456
0.2883,1.6448
0.2884,1.6456
0.28850000000000003,1.6456
0.2886,1.6448
0.2887,1.6448
0.2888,1.6456
0.2889,1.6448
0.28900000000000003,1.6448
0.2891,1.6456
0.2892,1.6448
0.2893,1.6448
0.2894,1.6456
0.28950000000000004,1.6448
0.2896,1.6448
0.2897,1.6456
0.2898,1.6448
0.2899,1.6448
0.29000000000000004,1.6448
0.2901,1.6456
0.2902,1.6456
0.2903,1.6448
0.2904,1.644
0.29050000000000004,1.6448
0.2906,1.6456
0.2907,1.6456
0.2908,1.6448
0.2909,1.6456
0.29100000000000004,1.6448
0.2911,1.644
0.2912,1.6448
0.2913,1.6456
0.2914,1.6448
0.29150000000000004,1.6448
0.2916,1.6448
0.2917,1.6448
0.2918,1.6448
0.2919,1.6448
0.29200000000000004,1.6456
0.2921,1.6456
0.2922,1.6456
0.2923,1.6448
0.2924,1.6448
0.29250000000000004,1.6456
0.2926,1.6448
0.2927,1.6448
0.2928,1.6456
0.2929,1.6448
0.29300000000000004,1.6456
0.2931,1.6456
0.2932,1.6456
0.2933,1.6456
0.2934,1.6456
0.29350000000000004,1.6448
0.2936,1.6448
0.2937,1.6448
0.2938,1.6456
0.2939,1.6448
0.29400000000000004,1.6448
0.29410000000000003,1.6456
0.2942,1.6448
0.2943,1.6456
0.2944,1.6448
0.29450000000000004,1.6456
0.29460000000000003,1.6456
0.2947,1.6456
0.2948,1.6456
0.2949,1.6448
0.29500000000000004,1.6448
0.29510000000000003,1.6456
0.2952,1.6456
0.2953,1.6448
0.2954,1.644
0.29550000000000004,1.6456
0.29560000000000003,1.6448
0.2957,1.6448
0.2958,1.6456
0.2959,1.6448
0.29600000000000004,1.6448
0.29610000000000003,1.644
0.2962,1.6456
0.2963,1.6456
0.2964,1.6456
0.29650000000000004,1.6448
0.29660000000000003,1.6456
0.2967,1.6448
0.2968,1.6456
0.2969,1.6448
0.29700000000000004,1.6456
0.29710000000000003,1.6448
0.2972,1.6456
0.2973,1.6448
0.2974,1.6456
0.2975,1.6456
0.29760000000000003,1.6448
0.2977,1.6456
0.2978,1.6448
0.2979,1.6448
0.298,1.6456
0.29810000000000003,1.6448
0.2982,1.6456
0.2983,1.6456
0.2984,1.6448
0.2985,1.6448
0.29860000000000003,1.6456
0.2987,1.6448
0.2988,1.6448
0.2989,1.6448
0.299,1.6456
0.29910000000000003,1.6448
0.2992,1.6456
0.2993,1.6456
0.2994,1.6456
0.2995,1.6456
0.29960000000000003,1.6456
0.2997,1.6448
0.2998,1.6448
0.2999,1.6456
0.3,1.6456
0.30010000000000003,1.6448
0.3002,1.6448
0.3003,1.6448
0.3004,1.6448
0.3005,1.6448
0.30060000000000003,1.6456
0.3007,1.6456
0.3008,1.6456
0.3009,1.6448
0.301,1.6448
0.30110000000000003,1.6448
0.3012,1.6456
0.3013,1.6456
0.3014,1.6456
0.3015,1.6456
0.30160000000000003,1.6456
0.3017,1.6456
0.3018,1.6456
0.3019,1.6448
0.302,1.6456
0.30210000000000004,1.6456
0.3022,1.6448
0.3023,1.6448
0.3024,1.6456
0.3025,1.6456
0.30260000000000004,1.6456
0.3027,1.6456
0.3028,1.6456
0.3029,1.6456
0.303,1.6448
0.30310000000000004,1.6448
0.3032,1.6456
0.3033,1.6456
0.3034,1.6456
0.3035,1.6456
0.30360000000000004,1.6456
0.3037,1.6448
0.3038,1.6448
0.3039,1.6448
0.304,1.6448
0.30410000000000004,1.6456
0.3042,1.6456
0.3043,1.6456
0.3044,1.6456
0.3045,1.6456
0.30460000000000004,1.6456
0.3047,1.6456
0.3048,1.6456
0.3049,1.6448
0.305,1.6456
0.30510000000000004,1.6448
0.3052,1.6456
0.3053,1.6448
0.3054,1.644
0.3055,1.6448
0.30560000000000004,1.6456
0.3057,1.6448
0.3058,1.6456
0.3059,1.6456
0.306,1.6448
0.30610000000000004,1.6448
0.3062,1.6456
0.3063,1.6464
0.3064,1.6448
0.3065,1.6448
0.30660000000000004,1.6456
0.30670000000000003,1.6456
0.3068,1.6448
0.3069,1.6456
0.307,1.6448
0.30710000000000004,1.6456
0.30720000000000003,1.6448
0.3073,1.6448
0.3074,1.6456
0.3075,1.6448
0.30760000000000004,1.6456
0.30770000000000003,1.6456
0.3078,1.6456
0.3079,1.6456
0.308,1.6448
0.30810000000000004,1.6456
0.30820000000000003,1.6456
0.3083,1.6456
0.3084,1.6456
0.3085,1.6448
0.30860000000000004,1.6456
0.30870000000000003,1.6456
0.3088,1.6456
0.3089,1.6456
0.309,1.6456
0.30910000000000004,1.6448
0.30920000000000003,1.6456
0.3093,1.6456
0.3094,1.6456
0.3095,1.6448
0.30960000000000004,1.6456
0.30970000000000003,1.6448
0.3098,1.6456
0.3099,1.6456
0.31,1.6456
0.31010000000000004,1.6448
0.31020000000000003,1.6456
0.3103,1.6448
0.3104,1.6456
0.3105,1.6456
0.3106,1.6456
0.31070000000000003,1.6456
0.3108,1.6448
0.3109,1.6456
0.311,1.6456
0.3111,1.6456
0.31120000000000003,1.6456
0.3113,1.6456
0.3114,1.6456
0.3115,1.6456
0.3116,1.6456
0.31170000000000003,1.6448
0.3118,1.6456
0.3119,1.6456
0.312,1.6456
0.3121,1.6456
0.31220000000000003,1.6448
0.3123,1.6448
0.3124,1.6456
0.3125,1.6456
0.3126,1.6456
0.31270000000000003,1.6456
0.3128,1.6456
0.3129,1.6448
0.313,1.6456
0.3131,1.6448
0.31320000000000003,1.6456
0.3133,1.6448
0.3134,1.6448
0.3135,1.6456
0.3136,1.6456
0.31370000000000003,1.6448
0.3138,1.6456
0.3139,1.6456
0.314,1.6448
0.3141,1.644
0.31420000000000003,1.6456
0.3143,1.6456
0.3144,1.6456
0.3145,1.6448
0.3146,1.6456
0.31470000000000004,1.6456
0.3148,1.6456
0.3149,1.6456
0.315,1.6456
0.3151,1.6448
0.31520000000000004,1.6456
0.3153,1.6448
0.3154,1.6456
0.3155,1.6456
0.3156,1.6448
0.31570000000000004,1.6456
0.3158,1.6456
0.3159,1.6448
0.316,1.6456
0.3161,1.6448
0.31620000000000004,1.6456
0.3163,1.6456
0.3164,1.6456
0.3165,1.6448
0.3166,1.6456
0.31670000000000004,1.6448
0.3168,1.6456
0.3169,1.6448
0.317,1.6448
0.3171,1.6456
0.31720000000000004,1.6456
0.3173,1.6456
0.3174,1.6456
0.3175,1.6456
0.3176,1.6456
0.31770000000000004,1.6456
0.3178,1.6456
0.3179,1.6456
0.318,1.6456
0.3181,1.6448
0.31820000000000004,1.6456
0.3183,1.6448
0.3184,1.6448
0.3185,1.6456
0.3186,1.6448
0.31870000000000004,1.6448
0.31880000000000003,1.6448
0.3189,1.6456
0.319,1.6448
0.3191,1.6448
0.31920000000000004,1.6448
0.31930000000000003,1.6448
0.3194,1.6456
0.3195,1.6456
0.3196,1.6456
0.31970000000000004,1.6456
0.31980000000000003,1.6456
0.3199,1.6456
0.32,1.6456
0.3201,1.6456
0.32020000000000004,1.6448
0.32030000000000003,1.6456
0.3204,1.6456
0.3205,1.6456
0.3206,1.6456
0.32070000000000004,1.6456
0.32080000000000003,1.6456
0.3209,1.6456
0.321,1.6456
0.3211,1.6448
0.32120000000000004,1.6456
0.32130000000000003,1.6448
0.3214,1.6464
0.3215,1.6448
0.3216,1.6456
0.32170000000000004,1.6448
0.32180000000000003,1.6448
0.3219,1.6448
0.322,1.6456
0.3221,1.6456
0.32220000000000004,1.6456
0.32230000000000003,1.6456
0.3224,1.6448
0.3225,1.6448
0.3226,1.6456
0.32270000000000004,1.6456
0.32280000000000003,1.6456
0.3229,1.6456
0.323,1.6456
0.3231,1.6456
0.32320000000000004,1.6448
0.32330000000000003,1.6448
0.3234,1.644
0.3235,1.6448
0.3236,1.6456
0.32370000000000004,1.6456
0.32380000000000003,1.6448
0.3239,1.6448
0.324,1.6456
0.3241,1.6448
0.3242,1.6448
0.32430000000000003,1.6456
0.3244,1.6448
0.3245,1.6456
0.3246,1.6456
0.3247,1.6448
0.32480000000000003,1.6456
0.3249,1.6448
0.325,1.6456
0.3251,1.6448
0.3252,1.6448
0.32530000000000003,1.6456
0.3254,1.6456
0.3255,1.6456
0.3256,1.6448
0.3257,1.6456
0.32580000000000003,1.6448
0.3259,1.6456
0.326,1.6448
0.3261,1.6448
0.3262,1.6456
0.32630000000000003,1.6456
0.3264,1.6456
0.3265,1.6456
0.3266,1.6456
0.3267,1.6448
0.32680000000000003,1.6448
0.3269,1.6448
0.327,1.6456
0.3271,1.6456
0.3272,1.6448
0.32730000000000004,1.6456
0.3274,1.6456
0.3275,1.6448
0.3276,1.6456
0.3277,1.6448
0.32780000000000004,1.6448
0.3279,1.6448
0.328,1.6456
0.3281,1.6448
0.3282,1.6448
0.32830000000000004,1.6448
0.3284,1.6448
0.3285,1.6456
0.3286,1.6456
0.3287,1.6448
0.32880000000000004,1.6448
0.3289,1.6456
0.329,1.6456
0.3291,1.6448
0.3292,1.6448
0.32930000000000004,1.6456
0.3294,1.6448
0.3295,1.6448
0.3296,1.6456
0.3297,1.6456
0.32980000000000004,1.6456
0.3299,1.6456
0.33,1.6456
0.3301,1.6456
0.3302,1.6456
0.33030000000000004,1.6456
0.3304,1.6448
0.3305,1.6456
0.3306,1.6456
0.3307,1.6456
0.33080000000000004,1.6456
0.3309,1.6456
0.331,1.6456
0.3311,1.6456
0.3312,1.6448
0.33130000000000004,1.6456
0.33140000000000003,1.6456
0.3315,1.6456
0.3316,1.6456
0.3317,1.6456
0.33180000000000004,1.6456
0.33190000000000003,1.6448
0.332,1.6456
0.3321,1.6456
0.3322,1.6456
0.33230000000000004,1.6448
0.33240000000000003,1.6448
0.3325,1.6448
0.3326,1.6464
0.3327,1.6456
0.33280000000000004,1.6456
0.33290000000000003,1.6448
0.333,1.6456
0.3331,1.6456
0.3332,1.6448
0.33330000000000004,1.644
0.33340000000000003,1.6456
0.3335,1.6456
0.3336,1.6456
0.3337,1.6448
0.33380000000000004,1.6456
0.33390000000000003,1.6448
0.334,1.6448
0.3341,1.6456
0.3342,1.6456
0.33430000000000004,1.6456
0.33440000000000003,1.6448
0.3345,1.6456
0.3346,1.6456
0.3347,1.6456
0.33480000000000004,1.6464
0.33490000000000003,1.6456
0.335,1.6456
0.3351,1.6456
0.3352,1.6456
0.33530000000000004,1.6456
0.33540000000000003,1.6456
0.3355,1.6456
0.3356,1.6456
0.3357,1.6448
0.33580000000000004,1.6448
0.33590000000000003,1.6448
0.336,1.6456
0.3361,1.6464
0.3362,1.6456
0.33630000000000004,1.6456
0.33640000000000003,1.6456
0.3365,1.6456
0.3366,1.6456
0.3367,1.6456
0.33680000000000004,1.6456
0.33690000000000003,1.6456
0.337,1.6456
0.3371,1.6448
0.3372,1.6456
0.3373,1.6456
0.33740000000000003,1.6448
0.3375,1.6456
0.3376,1.6456
0.3377,1.6456
0.3378,1.6456
0.33790000000000003,1.6456
0.338,1.6456
0.3381,1.6456
0.3382,1.6456
0.3383,1.6456
0.33840000000000003,1.6456
0.3385,1.6456
0.3386,1.6456
0.3387,1.6456
0.3388,1.6456
0.33890000000000003,1.6448
0.339,1.6456
0.3391,1.6456
0.3392,1.6456
0.3393,1.6456
0.33940000000000003,1.6464
0.3395,1.6456
0.3396,1.6456
0.3397,1.6448
0.3398,1.6456
0.33990000000000004,1.6448
0.34,1.6456
0.3401,1.6456
0.3402,1.6456
0.3403,1.6456
0.34040000000000004,1.6448
0.3405,1.6448
0.3406,1.6456
0.3407,1.6448
0.3408,1.6456
0.34090000000000004,1.6448
0.341,1.6456
0.3411,1.6456
0.3412,1.6448
0.3413,1.6448
0.34140000000000004,1.6448
0.3415,1.6456
0.3416,1.6448
0.3417,1.6448
0.3418,1.6456
0.34190000000000004,1.6456
0.342,1.6448
0.3421,1.6448
0.3422,1.6448
0.3423,1.6456
0.34240000000000004,1.6456
0.3425,1.6456
0.3426,1.6456
0.3427,1.6448
0.3428,1.6456
0.34290000000000004,1.6448
0.343,1.6456
0.3431,1.6448
0.3432,1.6456
0.3433,1.6456
0.34340000000000004,1.6456
0.3435,1.6456
0.3436,1.6456
0.3437,1.6456
0.3438,1.6456
0.34390000000000004,1.6456
0.34400000000000003,1.6448
0.3441,1.6456
0.3442,1.6456
0.3443,1.6448
0.34440000000000004,1.6456
0.34450000000000003,1.6448
0.3446,1.6448
0.3447,1.6448
0.3448,1.6456
0.34490000000000004,1.6448
0.34500000000000003,1.6448
0.3451,1.6456
0.3452,1.6448
0.3453,1.6448
0.34540000000000004,1.6448
0.34550000000000003,1.6448
0.3456,1.6448
0.3457,1.6456
0.3458,1.6456
0.34590000000000004,1.6448
0.34600000000000003,1.6456
0.3461,1.6456
0.3462,1.6448
0.3463,1.6448
0.34640000000000004,1.644
0.34650000000000003,1.6456
0.3466,1.6448
0.3467,1.6456
0.3468,1.6456
0.34690000000000004,1.6456
0.34700000000000003,1.6448
0.3471,1.6448
0.3472,1.6456
0.3473,1.6456
0.34740000000000004,1.6456
0.34750000000000003,1.6448
0.3476,1.6456
0.3477,1.6456
0.3478,1.6448
0.34790000000000004,1.6456
0.34800000000000003,1.6456
0.3481,1.6448
0.3482,1.6456
0.3483,1.6448
0.34840000000000004,1.6456
0.34850000000000003,1.6456
0.3486,1.6456
0.3487,1.6456
0.3488,1.6448
0.34890000000000004,1.6456
0.34900000000000003,1.6456
0.3491,1.6456
0.3492,1.6456
0.3493,1.6456
0.34940000000000004,1.6456
0.34950000000000003,1.6456
0.3496,1.6456
0.3497,1.6448
0.3498,1.6456
0.34990000000000004,1.6448
0.35000000000000003,1.6448
0.3501,1.6456
0.3502,1.6448
0.3503,1.6448
0.3504,1.6456
0.35050000000000003,1.6448
0.3506,1.6448
0.3507,1.6448
0.3508,1.6448
0.3509,1.6456
0.35100000000000003,1.6456
0.3511,1.6456
0.3512,1.6456
0.3513,1.6448
0.3514,1.6448
0.35150000000000003,1.6456
0.3516,1.6456
0.3517,1.6456
0.3518,1.6448
0.3519,1.6456
0.35200000000000004,1.6448
0.3521,1.6448
0.3522,1.6456
0.3523,1.6456
0.3524,1.6456
0.35250000000000004,1.6456
0.3526,1.6456
0.3527,1.6456
0.3528,1.6456
0.3529,1.6456
0.35300000000000004,1.6456
0.3531,1.6456
0.3532,1.6448
0.3533,1.6456
0.3534,1.6456
0.35350000000000004,1.6456
0.3536,1.6448
0.3537,1.6456
0.3538,1.6456
0.3539,1.6456
0.35400000000000004,1.6456
0.3541,1.6456
0.3542,1.6456
0.3543,1.6456
0.3544,1.6456
0.35450000000000004,1.6456
0.3546,1.6448
0.3547,1.6448
0.3548,1.6448
0.3549,1.6448
0.35500000000000004,1.6456
0.3551,1.6456
0.3552,1.6456
0.3553,1.6456
0.3554,1.6456
0.35550000000000004,1.6456
0.3556,1.6456
0.3557,1.6456
0.3558,1.6456
0.3559,1.6456
0.35600000000000004,1.6456
0.3561,1.6456
0.3562,1.6448
0.3563,1.6448
0.3564,1.644
0.35650000000000004,1.6456
0.35660000000000003,1.6456
0.3567,1.6456
0.3568,1.6448
0.3569,1.6456
0.35700000000000004,1.6448
0.35710000000000003,1.6448
0.3572,1.6456
0.3573,1.6456
0.3574,1.6456
0.35750000000000004,1.6456
0.35760000000000003,1.6456
0.3577,1.6456
0.3578,1.6456
0.3579,1.6456
0.35800000000000004,1.6456
0.35810000000000003,1.6456
0.3582,1.6448
0.3583,1.6456
0.3584,1.6448
0.35850000000000004,1.6456
0.35860000000000003,1.6456
0.3587,1.6456
0.3588,1.6456
0.3589,1.6448
0.35900000000000004,1.6456
0.35910000000000003,1.6456
0.3592,1.6456
0.3593,1.6456
0.3594,1.6456
0.35950000000000004,1.6456
0.35960000000000003,1.6456
0.3597,1.6456
0.3598,1.6448
0.3599,1.6456
0.36000000000000004,1.6456
0.36010000000000003,1.6456
0.3602,1.6456
0.3603,1.6456
0.3604,1.6456
0.36050000000000004,1.6456
0.36060000000000003,1.6464
0.3607,1.6456
0.3608,1.6448
0.3609,1.6456
0.36100000000000004,1.6456
0.36110000000000003,1.6456
0.3612,1.6448
0.3613,1.6456
0.3614,1.6448
0.36150000000000004,1.6456
0.36160000000000003,1.6448
0.3617,1.6456
0.3618,1.6448
0.3619,1.6456
0.36200000000000004,1.6456
0.36210000000000003,1.6456
0.3622,1.6456
0.3623,1.6456
0.3624,1.6448
0.36250000000000004,1.6448
0.36260000000000003,1.6456
0.3627,1.6448
0.3628,1.6456
0.3629,1.6456
0.36300000000000004,1.6456
0.36310000000000003,1.6448
0.3632,1.644
0.3633,1.6456
0.3634,1.6456
0.3635,1.6456
0.36360000000000003,1.6456
0.3637,1.6448
0.3638,1.6448
0.3639,1.6456
0.364,1.6456
0.36410000000000003,1.6456
0.3642,1.6456
0.3643,1.6456
0.3644,1.6448
0.3645,1.6456
0.36460000000000004,1.6456
0.3647,1.6448
0.3648,1.6456
0.3649,1.6456
0.365,1.6448
0.36510000000000004,1.6456
0.3652,1.6448
0.3653,1.6448
0.3654,1.6456
0.3655,1.6456
0.36560000000000004,1.6448
0.3657,1.6456
0.3658,1.6448
0.3659,1.6448
0.366,1.6448
0.36610000000000004,1.6448
0.3662,1.6456
0.3663,1.6456
0.3664,1.6456
0.3665,1.6456
0.36660000000000004,1.6456
0.3667,1.6456
0.3668,1.6464
0.3669,1.6456
0.367,1.6456
0.36710000000000004,1.6456
0.3672,1.6456
0.3673,1.6456
0.3674,1.6448
0.3675,1.644
0.36760000000000004,1.6456
0.3677,1.6456
0.3678,1.6448
0.3679,1.6456
0.368,1.6448
0.36810000000000004,1.6448
0.3682,1.6448
0.3683,1.6456
0.3684,1.6456
0.3685,1.6456
0.36860000000000004,1.6456
0.3687,1.6456
0.3688,1.6456
0.3689,1.6456
0.369,1.6456
0.36910000000000004,1.6456
0.36920000000000003,1.6456
0.3693,1.6456
0.3694,1.6456
0.3695,1.6456
0.36960000000000004,1.6456
0.36970000000000003,1.6448
0.3698,1.6456
0.3699,1.6448
0.37,1.6456
0.37010000000000004,1.6456
0.37020000000000003,1.6456
0.3703,1.6456
0.3704,1.6448
0.3705,1.6448
0.37060000000000004,1.6456
0.37070000000000003,1.6456
0.3708,1.6448
0.3709,1.6448
0.371,1.6448
0.37110000000000004,1.6456
0.37120000000000003,1.6456
0.3713,1.6456
0.3714,1.6448
0.3715,1.6456
0.37160000000000004,1.6456
0.37170000000000003,1.6456
0.3718,1.6456
0.3719,1.6448
0.372,1.6456
0.37210000000000004,1.6456
0.37220000000000003,1.6448
0.3723,1.6456
0.3724,1.6456
0.3725,1.6448
0.37260000000000004,1.6456
0.37270000000000003,1.6448
0.3728,1.6448
0.3729,1.6448
0.373,1.6448
0.37310000000000004,1.6448
0.37320000000000003,1.644
0.3733,1.6448
0.3734,1.6456
0.3735,1.6448
0.37360000000000004,1.6456
0.37370000000000003,1.6448
0.3738,1.6456
0.3739,1.6456
0.374,1.6456
0.37410000000000004,1.6456
0.37420000000000003,1.6456
0.3743,1.6456
0.3744,1.6456
0.3745,1.6456
0.37460000000000004,1.6456
0.37470000000000003,1.6456
0.3748,1.6456
0.3749,1.6456
0.375,1.6456
0.37510000000000004,1.6456
0.37520000000000003,1.6456
0.3753,1.6448
0.3754,1.6456
0.3755,1.6456
0.37560000000000004,1.6456
0.37570000000000003,1.6456
0.3758,1.6448
0.3759,1.6448
0.376,1.6456
0.37610000000000005,1.6464
0.37620000000000003,1.6456
0.3763,1.6456
0.3764,1.6456
0.3765,1.6456
0.3766,1.6456
0.37670000000000003,1.6448
0.3768,1.6456
0.3769,1.6456
0.377,1.6456
0.3771,1.6456
0.37720000000000004,1.6456
0.3773,1.6456
0.3774,1.6448
0.3775,1.6456
0.3776,1.6456
0.37770000000000004,1.6448
0.3778,1.6456
0.3779,1.6456
0.378,1.6456
0.3781,1.6448
0.37820000000000004,1.644
0.3783,1.6456
0.3784,1.6456
0.3785,1.6448
0.3786,1.6448
0.37870000000000004,1.6456
0.3788,1.6456
0.3789,1.6456
0.379,1.6448
0.3791,1.6456
0.37920000000000004,1.6456
0.3793,1.6456
0.3794,1.6456
0.3795,1.6456
0.3796,1.6456
0.37970000000000004,1.6448
0.3798,1.6456
0.3799,1.6456
0.38,1.6456
0.3801,1.6448
0.38020000000000004,1.6456
0.3803,1.6448
0.3804,1.6456
0.3805,1.6456
0.3806,1.6456
0.38070000000000004,1.6456
0.3808,1.6456
0.3809,1.6456
0.381,1.6448
0.3811,1.6448
0.38120000000000004,1.6464
0.38130000000000003,1.6448
0.3814,1.6448
0.3815,1.6456
0.3816,1.6456
0.38170000000000004,1.6448
0.38180000000000003,1.6456
0.3819,1.6456
0.382,1.6456
0.3821,1.6448
0.38220000000000004,1.6456
0.38230000000000003,1.6456
0.3824,1.6448
0.3825,1.6448
0.3826,1.6456
0.38270000000000004,1.6448
0.38280000000000003,1.6456
0.3829,1.6456
0.383,1.6456
0.3831,1.6456
0.38320000000000004,1.6448
0.38330000000000003,1.6448
0.3834,1.6456
0.3835,1.6456
0.3836,1.6456
0.38370000000000004,1.6456
0.38380000000000003,1.6456
0.3839,1.6456
0.384,1.6456
0.3841,1.6456
0.38420000000000004,1.6448
0.38430000000000003,1.6456
0.3844,1.6448
0.3845,1.6456
0.3846,1.6448
0.38470000000000004,1.6448
0.38480000000000003,1.6464
0.3849,1.6448
0.385,1.6456
0.3851,1.6448
0.38520000000000004,1.6448
0.38530000000000003,1.6456
0.3854,1.6448
0.3855,1.6456
0.3856,1.6456
0.38570000000000004,1.6448
0.38580000000000003,1.6448
0.3859,1.6448
0.386,1.6456
0.3861,1.6456
0.38620000000000004,1.6448
0.38630000000000003,1.6448
0.3864,1.6448
0.3865,1.6456
0.3866,1.6456
0.38670000000000004,1.6448
0.38680000000000003,1.644
0.3869,1.6456
0.387,1.6456
0.3871,1.6448
0.38720000000000004,1.6456
0.38730000000000003,1.6448
0.3874,1.6456
0.3875,1.6456
0.3876,1.6456
0.38770000000000004,1.6456
0.38780000000000003,1.6456
0.3879,1.6456
0.388,1.6456
0.3881,1.6456
0.38820000000000005,1.6456
0.38830000000000003,1.6448
0.3884,1.6456
0.3885,1.6456
0.3886,1.6448
0.38870000000000005,1.6456
0.38880000000000003,1.6448
0.3889,1.6456
0.389,1.6448
0.3891,1.6456
0.38920000000000005,1.6448
0.38930000000000003,1.6448
0.3894,1.6456
0.3895,1.6448
0.3896,1.6448
0.38970000000000005,1.6448
0.38980000000000004,1.6456
0.3899,1.6456
0.39,1.6456
0.3901,1.6448
0.3902,1.6448
0.39030000000000004,1.6456
0.3904,1.6448
0.3905,1.644
0.3906,1.6448
0.3907,1.6456
0.39080000000000004,1.6448
0.3909,1.6456
0.391,1.6448
0.3911,1.6448
0.3912,1.644
0.39130000000000004,1.6448
0.3914,1.6456
0.3915,1.6456
0.3916,1.6456
0.3917,1.6456
0.39180000000000004,1.6456
0.3919,1.6456
0.392,1.6456
0.3921,1.6456
0.3922,1.6456
0.39230000000000004,1.6456
0.3924,1.6456
0.3925,1.6456
0.3926,1.6456
0.3927,1.6456
0.39280000000000004,1.6448
0.3929,1.6456
0.393,1.6448
0.3931,1.6448
0.3932,1.6456
0.39330000000000004,1.6448
0.3934,1.6448
0.3935,1.6456
0.3936,1.6448
0.3937,1.6456
0.39380000000000004,1.6448
0.39390000000000003,1.6456
0.394,1.6448
0.3941,1.6448
0.3942,1.6456
0.39430000000000004,1.6456
0.39440000000000003,1.6448
0.3945,1.6448
0.3946,1.6456
0.3947,1.6456
0.39480000000000004,1.6456
0.39490000000000003,1.6448
0.395,1.6456
0.3951,1.6456
0.3952,1.6448
0.39530000000000004,1.6456
0.39540000000000003,1.6448
0.3955,1.6448
0.3956,1.6456
0.3957,1.6456
0.39580000000000004,1.6456
0.39590000000000003,1.6448
0.396,1.6448
0.3961,1.6448
0.3962,1.644
0.39630000000000004,1.6456
0.39640000000000003,1.6456
0.3965,1.6456
0.3966,1.6448
0.3967,1.6456
0.39680000000000004,1.6456
0.39690000000000003,1.6456
0.397,1.6448
0.3971,1.6456
0.3972,1.6456
0.39730000000000004,1.6448
0.39740000000000003,1.6456
0.3975,1.6456
0.3976,1.6456
0.3977,1.6456
0.39780000000000004,1.6456
0.39790000000000003,1.6456
0.398,1.6456
0.3981,1.6456
0.3982,1.6456
0.39830000000000004,1.6456
0.39840000000000003,1.6456
0.3985,1.6456
0.3986,1.6456
0.3987,1.6456
0.39880000000000004,1.6448
0.39890000000000003,1.6448
0.399,1.6448
0.3991,1.6456
0.3992,1.6464
0.39930000000000004,1.6448
0.39940000000000003,1.6456
0.3995,1.6456
0.3996,1.6456
0.3997,1.6456
0.39980000000000004,1.6456
0.39990000000000003,1.6456
0.4,1.6456
0.4001,1.6456
0.4002,1.6456
0.40030000000000004,1.6456
0.40040000000000003,1.6456
0.4005,1.6448
0.4006,1.6448
0.4007,1.6456
0.40080000000000005,1.6456
0.40090000000000003,1.6456
0.401,1.6448
0.4011,1.6448
0.4012,1.644
0.40130000000000005,1.6448
0.40140000000000003,1.6456
0.4015,1.6456
0.4016,1.6456
0.4017,1.6456
0.40180000000000005,1.6456
0.40190000000000003,1.6456
0.402,1.6456
0.4021,1.6448
0.4022,1.6456
0.40230000000000005,1.6456
0.40240000000000004,1.6456
0.4025,1.6456
0.4026,1.6456
0.4027,1.6456
0.40280000000000005,1.6456
0.40290000000000004,1.6448
0.403,1.6448
0.4031,1.6456
0.4032,1.6456
0.4033,1.6448
0.40340000000000004,1.6456
0.4035,1.6456
0.4036,1.6448
0.4037,1.6456
0.4038,1.6448
0.40390000000000004,1.6456
0.404,1.6448
0.4041,1.6456
0.4042,1.6456
0.4043,1.6448
0.40440000000000004,1.6456
0.4045,1.6456
0.4046,1.6456
0.4047,1.6456
0.4048,1.6456
0.40490000000000004,1.6456
0.405,1.6456
0.4051,1.6448
0.4052,1.6456
0.4053,1.6448
0.40540000000000004,1.6448
0.4055,1.644
0.4056,1.6456
0.4057,1.6456
0.4058,1.6456
0.40590000000000004,1.6456
0.406,1.6456
0.4061,1.6456
0.4062,1.644
0.4063,1.6456
0.40640000000000004,1.6456
0.40650000000000003,1.6456
0.4066,1.6456
0.4067,1.6456
0.4068,1.6448
0.40690000000000004,1.6464
0.40700000000000003,1.6448
0.4071,1.6456
0.4072,1.6456
0.4073,1.6456
0.40740000000000004,1.6456
0.40750000000000003,1.6456
0.4076,1.6456
0.4077,1.6456
0.4078,1.6456
0.40790000000000004,1.6448
0.40800000000000003,1.6456
0.4081,1.6456
0.4082,1.6456
0.4083,1.6448
0.40840000000000004,1.6448
0.40850000000000003,1.6456
0.4086,1.6448
0.4087,1.6456
0.4088,1.6448
0.40890000000000004,1.6456
0.40900000000000003,1.6456
0.4091,1.6456
0.4092,1.6456
0.4093,1.6448
0.40940000000000004,1.6456
0.40950000000000003,1.6456
